841 0 1 931762800
180 0 1 931849200
762 0 1 931849200
732 0 1 939711600
624 0 1 940489200
166 0 0 941871600
440 0 0 941871600
42 0 1 943948800
208 0 1 944121600
571 0 1 944812800
680 0 1 946281600
835 0 1 947836800
70 0 1 949392000
727 0 1 949392000
823 0 1 949392000
910 0 1 949392000
639 0 1 950515200
803 0 1 950515200
436 0 1 951724800
457 0 1 952848000
249 3 1 954226800
322 3 1 954399600
630 3 1 954399600
989 3 1 954486000
830 2 1 954918000
986 3 1 955782000
907 3 1 955954800
842 0 1 957078000
375 1 1 957510000
721 1 1 957510000
61 0 0 957855600
213 3 1 957855600
460 3 1 957855600
199 0 1 958374000
228 3 1 958633200
279 3 1 958633200
259 1 1 959065200
402 0 1 959065200
193 6 1 960620400
500 6 1 960966000
707 8 1 960966000
3 7 1 961052400
351 7 1 962002800
982 3 1 962002800
868 3 1 962262000
993 0 1 962348400
361 0 1 963903600
182 7 1 964767600
569 7 1 964767600
654 7 1 964767600
184 0 1 965113200
115 3 1 965458800
392 3 1 965458800
411 3 1 965458800
463 3 1 965458800
473 3 1 965458800
508 3 1 965458800
674 3 1 965458800
755 3 1 965458800
824 3 1 965458800
870 3 1 965458800
927 3 1 965458800
286 1 1 965977200
988 3 1 966841200
481 12 1 969865200
682 12 1 969865200
669 13 1 971766000
859 13 1 971938800
75 10 1 972025200
115 14 1 972716400
370 14 1 972716400
392 14 1 972716400
463 14 1 972716400
473 14 1 972716400
508 14 1 972716400
674 14 1 972716400
755 14 1 972716400
824 14 1 972716400
870 14 1 972716400
927 14 1 972716400
508 11 1 972802800
649 11 1 972802800
712 13 1 972802800
486 15 1 973756800
280 11 1 974448000
666 15 1 974880000
289 10 1 975225600
117 3 1 976176000
254 3 1 976176000
380 14 0 976348800
561 1 1 976953600
219 12 1 977126400
508 2 1 977212800
649 2 1 977212800
374 10 1 977817600
223 19 1 978163200
824 19 1 978163200
381 13 1 978422400
871 14 1 978422400
917 11 1 978508800
411 14 1 978595200
411 10 0 978768000
842 10 0 978768000
122 14 1 979977600
892 14 1 981273600
224 14 1 981446400
383 14 1 981878400
372 13 1 983001600
323 14 1 983520000
496 14 1 983520000
713 14 1 983520000
763 14 1 983520000
210 23 1 984211200
271 23 1 984211200
323 15 1 984211200
496 15 1 984211200
713 15 1 984211200
763 15 1 984211200
295 23 1 984297600
84 23 1 984380400
456 23 1 984380400
762 23 1 984380400
799 13 1 985158000
725 25 1 985330800
798 13 1 985590000
972 27 1 986713200
628 14 1 987577200
749 29 1 987922800
334 16 1 988527600
115 24 1 988959600
370 24 1 988959600
392 24 1 988959600
411 24 1 988959600
463 24 1 988959600
473 24 1 988959600
508 24 1 988959600
674 24 1 988959600
755 24 1 988959600
824 24 1 988959600
870 24 1 988959600
927 24 1 988959600
413 29 1 989391600
783 29 1 989391600
332 13 1 989737200
857 2 1 989737200
281 22 1 989996400
303 22 1 989996400
115 16 1 990255600
370 16 1 990255600
392 16 1 990255600
411 16 1 990255600
463 16 1 990255600
473 16 1 990255600
508 16 1 990255600
575 25 1 990255600
674 16 1 990255600
755 16 1 990255600
824 16 1 990255600
870 16 1 990255600
927 16 1 990255600
211 14 1 990601200
491 23 1 990687600
144 29 1 991033200
470 14 1 991033200
286 30 1 991810800
142 14 1 991983600
310 16 1 991983600
380 32 1 992070000
309 1 1 992242800
476 30 1 992502000
743 30 1 992502000
670 14 1 992674800
807 21 1 992761200
356 21 1 992847600
422 14 1 993798000
291 33 1 993970800
426 36 1 994748400
999 29 1 995266800
765 0 1 995612400
760 1 1 995698800
11 25 1 995871600
96 37 1 996562800
974 7 1 996908400
390 31 1 996994800
725 26 1 997167600
889 26 1 997167600
34 37 1 997858800
319 37 1 997858800
347 37 1 997858800
835 40 1 997945200
715 40 1 998290800
954 40 1 998290800
799 34 1 998377200
799 21 1 998895600
334 24 1 998982000
663 19 1 999068400
594 43 1 999154800
381 34 1 999241200
200 19 1 1000537200
316 44 1 1000882800
114 16 1 1000969200
218 16 1 1000969200
292 29 1 1001142000
850 11 1 1001314800
144 40 0 1002610800
908 39 1 1004166000
298 34 1 1004947200
442 19 1 1005120000
528 19 1 1005120000
490 0 0 1005292800
288 14 1 1005638400
945 37 1 1005638400
737 36 1 1005984000
678 44 1 1006588800
914 44 1 1006588800
812 44 1 1006761600
223 46 1 1006934400
896 1 1 1007712000
115 46 1 1007971200
370 46 1 1007971200
392 46 1 1007971200
411 46 1 1007971200
463 46 1 1007971200
473 46 1 1007971200
508 46 1 1007971200
674 46 1 1007971200
755 46 1 1007971200
824 46 1 1007971200
870 46 1 1007971200
927 46 1 1007971200
647 1 1 1008057600
613 1 1 1008230400
711 48 1 1008230400
778 39 1 1008316800
8 24 1 1008489600
832 25 1 1008576000
39 44 1 1008835200
834 38 1 1008835200
348 46 1 1009353600
437 19 0 1009353600
278 48 1 1009440000
517 41 1 1009440000
720 48 1 1009440000
14 32 1 1009526400
505 52 1 1009526400
942 46 1 1009526400
489 36 1 1009612800
94 52 1 1009699200
119 49 1 1009699200
637 52 1 1009699200
706 52 1 1009699200
1000 25 1 1009699200
36 3 1 1009785600
815 3 1 1009785600
406 46 1 1009872000
564 32 1 1009872000
906 49 1 1010131200
436 5 1 1010217600
789 25 1 1010304000
354 24 1 1010563200
846 46 1 1010822400
577 49 1 1010908800
416 25 1 1011340800
922 45 1 1011340800
42 49 1 1011686400
30 49 1 1011772800
389 30 1 1011859200
115 40 1 1012032000
370 40 1 1012032000
392 40 1 1012032000
411 40 1 1012032000
463 40 1 1012032000
473 40 1 1012032000
508 40 1 1012032000
674 40 1 1012032000
755 40 1 1012032000
824 40 1 1012032000
870 40 1 1012032000
927 40 1 1012032000
262 40 1 1012464000
410 40 1 1012464000
530 33 1 1012723200
666 25 1 1012809600
575 14 1 1012896000
665 48 1 1013414400
762 48 1 1013414400
548 1 1 1014019200
678 47 1 1014192000
759 40 1 1014192000
409 42 1 1015228800
293 3 0 1015488000
611 57 1 1015830000
927 57 1 1015830000
36 20 1 1016002800
758 57 1 1016002800
815 20 1 1016002800
632 1 1 1016089200
503 3 0 1016434800
874 47 1 1016953200
243 33 1 1017039600
501 48 1 1017990000
811 48 1 1017990000
322 44 0 1018076400
872 44 0 1018076400
506 3 0 1018249200
12 34 1 1018681200
162 34 1 1018681200
396 34 1 1018681200
874 34 1 1018681200
198 46 1 1019199600
247 46 1 1019199600
715 48 1 1019631600
954 48 1 1019631600
631 46 1 1019977200
759 49 1 1021014000
340 43 1 1021359600
26 12 1 1021791600
718 12 1 1021791600
887 59 1 1022050800
860 25 1 1022482800
44 49 1 1024124400
195 62 1 1024210800
756 59 1 1024297200
284 24 1 1024556400
613 51 1 1024902000
81 40 1 1026025200
276 58 1 1026025200
586 59 1 1026025200
363 61 1 1026457200
115 63 1 1026716400
370 63 1 1026716400
392 63 1 1026716400
411 63 1 1026716400
463 63 1 1026716400
473 63 1 1026716400
508 63 1 1026716400
674 63 1 1026716400
755 63 1 1026716400
824 63 1 1026716400
870 63 1 1026716400
927 63 1 1026716400
785 40 1 1027234800
817 40 1 1027234800
571 28 0 1027407600
571 29 0 1027407600
709 63 1 1027926000
894 63 1 1027926000
156 66 1 1028185200
330 66 1 1028185200
813 39 1 1028444400
996 39 1 1028444400
770 44 0 1029049200
906 15 1 1029394800
1 63 1 1029740400
623 40 1 1030345200
917 40 1 1030345200
501 15 1 1030518000
252 69 1 1030690800
686 68 1 1030690800
714 68 1 1030690800
823 69 1 1030690800
995 69 1 1030690800
646 37 1 1030863600
153 49 1 1031036400
176 49 1 1031122800
484 10 1 1031209200
784 49 1 1031382000
167 49 1 1031554800
255 49 1 1031554800
313 40 1 1031814000
480 57 1 1031900400
659 49 1 1032678000
340 40 1 1033023600
686 56 1 1033282800
660 50 0 1034146800
86 40 1 1034233200
148 40 1 1034233200
264 40 1 1034233200
420 49 1 1034233200
509 40 1 1034233200
859 68 1 1035702000
861 3 1 1035874800
908 3 1 1035874800
370 3 1 1036306800
870 1 1 1036483200
586 61 1 1036569600
610 2 1 1036656000
725 45 1 1036656000
809 45 1 1036656000
948 45 1 1036656000
48 59 1 1037088000
231 37 1 1037088000
231 47 1 1037088000
704 59 1 1037088000
215 58 0 1037606400
277 58 0 1037606400
538 3 1 1037865600
209 59 1 1038211200
369 59 1 1038211200
123 44 0 1038297600
829 74 1 1038297600
589 73 0 1038384000
634 39 1 1038470400
831 50 1 1038556800
129 57 1 1038729600
267 5 1 1038729600
378 73 1 1038729600
91 24 1 1038816000
324 24 1 1038902400
638 28 1 1038902400
69 75 1 1038988800
710 56 1 1038988800
77 13 1 1039075200
725 52 1 1039248000
809 52 1 1039248000
948 52 1 1039248000
206 68 0 1039420800
294 68 0 1039420800
566 59 1 1039420800
992 28 1 1039420800
116 73 1 1039680000
553 61 1 1039680000
148 3 1 1039766400
652 49 1 1039766400
833 24 0 1039766400
35 73 1 1039852800
450 3 1 1039939200
450 3 0 1039939200
74 57 1 1040025600
122 56 1 1040025600
143 71 1 1040025600
674 56 1 1040025600
835 3 1 1040284800
117 56 1 1040630400
517 78 1 1040803200
362 63 1 1040976000
839 78 1 1041062400
909 39 1 1041062400
170 3 0 1041580800
409 73 1 1041840000
132 3 0 1042012800
894 59 1 1042185600
645 39 1 1042272000
295 62 1 1042358400
18 80 1 1042444800
169 69 1 1042876800
717 81 1 1043136000
614 73 1 1043222400
310 73 1 1043481600
401 73 1 1043481600
498 69 1 1043654400
281 72 0 1043740800
456 81 1 1043740800
637 81 1 1043740800
740 81 1 1043740800
882 81 1 1043740800
499 3 1 1043827200
613 65 1 1043827200
883 83 1 1044000000
36 66 1 1044172800
825 75 1 1044172800
248 49 1 1044345600
862 63 1 1044432000
941 63 1 1044432000
478 73 1 1044518400
78 81 1 1044604800
147 80 1 1044691200
147 81 1 1044691200
567 81 1 1044691200
568 81 1 1044691200
773 65 1 1045036800
225 81 1 1045123200
695 73 1 1045468800
38 3 1 1045555200
47 63 1 1045728000
186 81 1 1045728000
374 63 1 1045728000
499 73 1 1045728000
798 73 1 1045987200
198 75 1 1046332800
247 75 1 1046332800
572 81 1 1046332800
572 83 1 1046332800
173 57 1 1046419200
324 73 1 1046419200
624 73 1 1046419200
430 81 1 1046592000
548 41 1 1046678400
918 48 0 1046851200
138 1 1 1047110400
987 1 1 1047110400
34 86 1 1047366000
63 86 1 1047366000
611 58 1 1047366000
331 63 1 1047452400
988 63 1 1047452400
938 0 1 1048057200
848 73 1 1048143600
72 74 1 1048316400
98 74 1 1048316400
150 74 1 1048316400
176 74 1 1048316400
289 74 1 1048316400
750 74 1 1048316400
795 74 1 1048316400
799 74 1 1048316400
867 74 1 1048316400
882 74 1 1048316400
900 74 1 1048316400
959 74 1 1048316400
118 1 1 1048575600
390 1 1 1048575600
41 89 1 1049007600
456 83 1 1049353200
637 83 1 1049353200
740 83 1 1049353200
882 83 1 1049353200
41 91 1 1049526000
620 75 1 1049785200
778 75 1 1049785200
379 90 0 1049958000
99 56 1 1050217200
99 86 1 1050217200
99 93 1 1050217200
199 56 1 1050217200
199 86 1 1050217200
199 93 1 1050217200
410 56 1 1050217200
410 86 1 1050217200
410 93 1 1050217200
191 80 1 1050390000
441 46 0 1050562800
519 46 0 1050562800
545 46 0 1050562800
601 93 1 1050562800
605 73 1 1050562800
641 46 0 1050562800
828 46 0 1050562800
334 81 1 1050908400
346 92 1 1050994800
470 93 1 1051167600
99 95 1 1051426800
199 95 1 1051426800
410 95 1 1051426800
72 75 1 1051599600
98 75 1 1051599600
150 75 1 1051599600
176 75 1 1051599600
289 75 1 1051599600
750 75 1 1051599600
795 75 1 1051599600
799 75 1 1051599600
867 75 1 1051599600
882 75 1 1051599600
900 75 1 1051599600
959 75 1 1051599600
939 92 1 1051772400
99 89 1 1052031600
99 94 1 1052031600
182 81 1 1052031600
199 89 1 1052031600
199 94 1 1052031600
410 89 1 1052031600
410 94 1 1052031600
445 92 1 1052031600
963 83 1 1052031600
727 59 1 1052204400
958 74 1 1052204400
635 17 1 1052377200
194 92 1 1052550000
194 94 1 1052550000
811 92 1 1052550000
811 94 1 1052550000
813 80 1 1052636400
680 93 1 1052722800
699 93 1 1052722800
72 88 1 1052809200
98 88 1 1052809200
150 88 1 1052809200
176 88 1 1052809200
289 88 1 1052809200
750 88 1 1052809200
795 88 1 1052809200
799 88 1 1052809200
867 88 1 1052809200
882 88 1 1052809200
900 88 1 1052809200
959 88 1 1052809200
445 94 1 1053241200
318 39 1 1053414000
97 73 1 1054105200
937 2 1 1054105200
163 81 1 1054191600
234 81 1 1054191600
640 81 1 1054191600
72 98 1 1054537200
98 98 1 1054537200
150 98 1 1054537200
176 98 1 1054537200
289 98 1 1054537200
750 98 1 1054537200
795 98 1 1054537200
799 98 1 1054537200
867 98 1 1054537200
882 98 1 1054537200
900 98 1 1054537200
959 98 1 1054537200
845 80 1 1054882800
194 95 1 1054969200
194 99 1 1054969200
216 95 1 1054969200
514 73 1 1054969200
675 39 1 1054969200
811 95 1 1054969200
811 99 1 1054969200
37 91 1 1055142000
587 91 1 1055142000
461 81 1 1055228400
50 75 1 1055314800
37 39 1 1055487600
251 39 1 1055487600
523 73 1 1055487600
973 94 1 1055833200
217 94 1 1056610800
335 71 0 1057129200
475 92 1 1057302000
833 95 1 1057302000
479 63 1 1057388400
144 96 1 1057647600
37 102 1 1058338800
884 24 1 1058511600
647 92 1 1058684400
74 89 1 1059030000
369 89 1 1059030000
459 89 1 1059030000
724 89 1 1059030000
764 89 1 1059030000
515 81 1 1059289200
840 81 1 1059289200
21 74 1 1059807600
165 98 1 1059807600
308 74 1 1059807600
501 14 1 1059894000
280 24 0 1059980400
534 92 1 1059980400
659 92 1 1060066800
511 102 1 1060153200
305 106 1 1060326000
506 107 1 1060326000
733 107 1 1060326000
977 107 1 1060326000
985 107 1 1060326000
376 56 1 1060412400
669 50 1 1060498800
82 80 1 1060671600
82 81 1 1060671600
201 80 1 1060671600
201 81 1 1060671600
419 84 1 1060758000
495 1 1 1060844400
300 3 1 1060930800
984 3 1 1060930800
212 95 1 1061276400
283 95 1 1061276400
256 46 1 1061449200
713 93 1 1061535600
183 97 1 1061622000
494 81 1 1062140400
789 97 0 1062140400
890 73 1 1062313200
589 97 1 1062399600
74 93 1 1062486000
369 93 1 1062486000
459 93 1 1062486000
567 73 1 1062486000
724 93 1 1062486000
764 93 1 1062486000
820 112 1 1062745200
964 73 1 1062745200
320 96 1 1063436400
533 109 1 1063522800
74 86 1 1063695600
268 70 1 1063695600
369 86 1 1063695600
459 86 1 1063695600
724 86 1 1063695600
764 86 1 1063695600
71 73 1 1064473200
172 105 1 1064559600
626 73 1 1064559600
855 105 1 1064559600
898 73 1 1064559600
921 91 1 1064559600
2 81 1 1064818800
115 103 1 1064818800
370 103 1 1064818800
392 103 1 1064818800
411 103 1 1064818800
463 103 1 1064818800
473 103 1 1064818800
508 103 1 1064818800
674 103 1 1064818800
755 103 1 1064818800
824 103 1 1064818800
870 103 1 1064818800
901 81 1 1064818800
927 103 1 1064818800
74 103 1 1065078000
369 103 1 1065078000
459 103 1 1065078000
724 103 1 1065078000
764 103 1 1065078000
572 91 1 1065250800
791 115 1 1065596400
6 97 1 1065942000
553 115 1 1065942000
125 94 1 1066028400
135 110 1 1066114800
970 86 1 1066201200
74 73 1 1066374000
369 73 1 1066374000
459 73 1 1066374000
647 106 1 1066374000
724 73 1 1066374000
764 73 1 1066374000
151 50 1 1066460400
239 92 1 1066806000
612 92 1 1066806000
151 117 1 1066978800
180 94 1 1067065200
946 94 1 1067065200
74 115 1 1067238000
369 115 1 1067238000
459 115 1 1067238000
724 115 1 1067238000
764 115 1 1067238000
759 103 1 1067410800
551 73 1 1067756400
340 3 1 1067932800
115 73 1 1068796800
370 73 1 1068796800
392 73 1 1068796800
411 73 1 1068796800
463 73 1 1068796800
473 73 1 1068796800
485 119 1 1068796800
508 73 1 1068796800
674 73 1 1068796800
705 119 1 1068796800
755 73 1 1068796800
824 73 1 1068796800
870 73 1 1068796800
883 119 1 1068796800
921 119 1 1068796800
927 73 1 1068796800
54 39 1 1069056000
393 39 1 1069056000
930 83 0 1069142400
979 86 1 1069142400
940 94 1 1069228800
102 83 1 1069315200
113 83 1 1069315200
624 123 1 1069574400
759 83 0 1069833600
182 107 0 1070092800
569 107 0 1070092800
654 107 0 1070092800
712 86 1 1070438400
485 81 1 1070611200
705 81 1 1070611200
883 81 1 1070611200
921 81 1 1070611200
566 119 1 1070784000
700 91 1 1070784000
72 109 1 1070870400
98 109 1 1070870400
150 109 1 1070870400
176 109 1 1070870400
289 109 1 1070870400
750 109 1 1070870400
795 109 1 1070870400
799 109 1 1070870400
867 109 1 1070870400
882 109 1 1070870400
900 109 1 1070870400
959 109 1 1070870400
904 104 1 1070956800
417 81 1 1071043200
417 125 1 1071043200
663 46 1 1071216000
747 90 1 1071216000
962 90 1 1071216000
21 73 1 1071388800
308 73 1 1071388800
112 2 1 1071475200
773 95 1 1071475200
493 84 1 1071561600
190 97 1 1071648000
485 3 1 1071907200
705 3 1 1071907200
883 3 1 1071907200
921 3 1 1071907200
793 110 1 1071993600
752 73 1 1072080000
364 121 1 1072166400
406 114 1 1072166400
663 73 1 1072166400
167 119 1 1072252800
329 119 1 1072252800
494 83 1 1072252800
112 92 1 1072339200
456 103 1 1072339200
637 103 1 1072339200
740 103 1 1072339200
882 103 1 1072339200
634 103 1 1072425600
21 86 1 1072512000
160 58 1 1072512000
308 86 1 1072512000
924 121 1 1072598400
87 99 1 1072684800
186 122 0 1072684800
227 83 1 1072684800
456 99 1 1072684800
637 99 1 1072684800
740 99 1 1072684800
882 99 1 1072684800
453 119 1 1073030400
244 26 1 1073289600
249 119 1 1073376000
414 115 1 1073462400
157 119 1 1073635200
248 86 1 1073721600
889 66 1 1074153600
236 86 1 1074585600
397 51 1 1075276800
993 121 1 1075276800
92 104 0 1075536000
23 114 1 1075622400
222 114 1 1075622400
623 114 1 1075622400
160 134 1 1075708800
237 73 1 1075708800
151 136 1 1075881600
543 136 1 1075881600
639 99 1 1075881600
803 99 1 1075881600
998 81 1 1075968000
998 83 0 1075968000
311 29 1 1076054400
944 84 1 1076140800
383 98 1 1076227200
667 81 1 1076400000
667 83 1 1076400000
423 83 1 1076745600
602 83 1 1076745600
576 120 1 1077177600
539 110 1 1077350400
320 122 1 1077436800
162 92 1 1077523200
510 71 0 1077523200
684 93 1 1077955200
336 82 1 1078041600
244 103 1 1078473600
774 103 1 1078473600
857 140 1 1078646400
860 140 1 1078646400
4 104 0 1078819200
215 110 1 1079420400
314 110 1 1079420400
175 120 1 1079506800
820 123 1 1079766000
308 139 1 1080025200
795 18 1 1080284400
169 138 1 1080370800
498 116 1 1080370800
857 138 1 1080370800
860 138 1 1080370800
83 139 1 1080457200
456 121 1 1080457200
830 121 1 1080457200
818 92 1 1080543600
697 94 1 1080716400
307 120 1 1080802800
512 120 1 1080802800
187 43 0 1080975600
260 43 0 1080975600
844 59 0 1080975600
485 80 1 1081148400
705 80 1 1081148400
883 80 1 1081148400
921 80 1 1081148400
452 143 1 1081234800
184 121 0 1081407600
831 125 1 1081666800
492 144 1 1081753200
115 94 1 1081839600
139 29 1 1081839600
370 94 1 1081839600
392 94 1 1081839600
411 94 1 1081839600
463 94 1 1081839600
473 94 1 1081839600
508 94 1 1081839600
674 94 1 1081839600
755 94 1 1081839600
824 94 1 1081839600
870 94 1 1081839600
927 94 1 1081839600
556 120 1 1082444400
638 93 1 1082444400
957 120 1 1082444400
90 80 1 1082530800
271 32 1 1082703600
551 104 1 1082703600
243 39 1 1082962800
331 39 1 1082962800
610 110 0 1083049200
135 14 1 1083135600
92 144 1 1083222000
690 145 1 1083308400
674 146 1 1083394800
139 105 1 1083481200
742 134 1 1083481200
250 5 1 1083567600
110 147 1 1083913200
523 148 1 1083999600
932 148 1 1083999600
13 46 0 1084086000
47 110 1 1084086000
535 110 1 1084086000
675 92 1 1084086000
301 144 1 1084172400
867 144 1 1084172400
397 149 1 1084258800
932 146 1 1084345200
385 93 1 1084518000
769 144 0 1084518000
301 151 1 1084690800
867 151 1 1084690800
876 94 1 1084777200
829 63 1 1084863600
86 80 1 1084950000
86 81 1 1084950000
86 83 1 1084950000
86 121 1 1084950000
148 80 1 1084950000
148 81 1 1084950000
148 83 1 1084950000
148 121 1 1084950000
264 80 1 1084950000
264 81 1 1084950000
264 83 1 1084950000
264 121 1 1084950000
509 80 1 1084950000
509 81 1 1084950000
509 83 1 1084950000
509 121 1 1084950000
72 143 1 1085122800
150 143 1 1085122800
176 143 1 1085122800
289 143 1 1085122800
750 143 1 1085122800
795 143 1 1085122800
799 143 1 1085122800
867 143 1 1085122800
882 143 1 1085122800
900 143 1 1085122800
959 143 1 1085122800
41 2 1 1085209200
758 146 1 1085727600
203 140 1 1086073200
940 110 1 1086073200
92 151 1 1086159600
276 137 0 1086246000
580 146 1 1086678000
287 144 1 1086850800
406 143 1 1086937200
483 145 1 1087023600
12 139 1 1087110000
15 139 1 1087110000
960 139 1 1087110000
962 142 1 1087455600
688 153 1 1087542000
760 153 1 1087542000
923 153 1 1087542000
285 2 1 1087887600
683 160 1 1088060400
165 146 1 1088146800
808 145 1 1088146800
911 146 1 1088146800
149 106 1 1088233200
384 106 1 1088233200
451 106 1 1088233200
98 143 1 1088319600
191 81 1 1088319600
359 146 1 1088665200
646 92 1 1088665200
469 139 1 1088751600
565 157 1 1088751600
768 139 1 1088751600
566 153 1 1088924400
915 142 1 1088924400
93 157 1 1089010800
322 157 1 1089097200
542 162 0 1089183600
157 152 1 1089270000
518 143 1 1089442800
536 143 1 1089442800
769 148 1 1089442800
947 145 1 1089615600
352 104 1 1089702000
549 129 0 1089702000
226 140 0 1089961200
863 163 1 1089961200
518 139 1 1090134000
536 139 1 1090134000
165 143 1 1090306800
297 143 1 1090306800
447 143 1 1090306800
464 143 1 1090306800
753 160 1 1090306800
832 103 1 1090306800
97 81 0 1090393200
406 146 0 1090566000
688 148 1 1090652400
760 148 1 1090652400
849 101 1 1090652400
923 148 1 1090652400
101 143 1 1090825200
484 109 1 1090825200
604 143 1 1090825200
967 142 0 1091084400
158 81 1 1091170800
158 121 1 1091170800
471 81 1 1091170800
471 121 1 1091170800
801 142 1 1091170800
827 157 0 1091257200
991 164 1 1091257200
223 167 1 1091343600
317 157 1 1091343600
474 166 1 1091343600
630 167 1 1091343600
710 167 1 1091343600
27 138 1 1091430000
244 164 1 1091430000
925 138 1 1091430000
236 157 1 1091602800
521 163 1 1091602800
485 151 1 1091689200
705 151 1 1091689200
883 151 1 1091689200
921 151 1 1091689200
487 133 1 1091862000
639 106 0 1091862000
399 148 1 1091948400
725 65 1 1091948400
809 65 1 1091948400
948 65 1 1091948400
223 163 1 1092034800
630 163 1 1092034800
710 163 1 1092034800
792 92 1 1092034800
970 92 1 1092034800
240 148 1 1092207600
550 6 1 1092294000
298 152 0 1092553200
562 157 1 1092639600
23 167 1 1092726000
169 143 1 1092726000
222 167 1 1092726000
623 167 1 1092726000
968 106 1 1092812400
455 146 1 1092985200
560 147 1 1092985200
290 114 1 1093071600
772 150 0 1093158000
273 163 1 1093244400
67 105 1 1093330800
569 2 1 1093417200
741 2 1 1093417200
286 92 0 1093503600
290 84 1 1093590000
201 95 1 1093676400
439 95 1 1093676400
431 139 1 1093849200
489 121 0 1093935600
344 145 1 1094194800
668 80 1 1094367600
668 121 1 1094367600
716 157 0 1094367600
657 166 1 1094540400
571 139 1 1094713200
264 145 1 1094972400
364 25 1 1094972400
541 162 1 1094972400
715 92 1 1094972400
377 93 1 1095058800
891 114 1 1095058800
250 158 1 1095231600
323 175 1 1095318000
496 175 1 1095318000
496 174 1 1095318000
713 175 1 1095318000
763 175 1 1095318000
912 145 1 1095490800
72 174 1 1095577200
98 174 1 1095577200
150 174 1 1095577200
176 174 1 1095577200
289 174 1 1095577200
750 174 1 1095577200
795 174 1 1095577200
799 174 1 1095577200
867 174 1 1095577200
882 174 1 1095577200
900 174 1 1095577200
959 174 1 1095577200
763 121 1 1095750000
470 145 1 1095836400
216 145 1 1095922800
723 174 1 1096009200
665 145 1 1096182000
931 145 1 1096182000
804 153 1 1096441200
657 148 1 1096614000
220 152 1 1096959600
786 153 1 1096959600
422 175 1 1097132400
414 143 1 1097218800
427 143 1 1097305200
568 143 1 1097305200
599 143 1 1097305200
377 146 1 1097478000
10 146 1 1097564400
49 92 1 1097564400
139 181 1 1097564400
318 146 1 1098082800
985 2 1 1098082800
756 157 1 1098169200
807 157 1 1098169200
102 145 1 1098342000
113 145 1 1098342000
163 82 0 1098342000
234 82 0 1098342000
640 82 0 1098342000
362 157 1 1098428400
688 175 1 1098946800
760 175 1 1098946800
923 175 1 1098946800
458 187 1 1099119600
366 145 1 1099206000
408 146 1 1099206000
877 145 1 1099292400
412 191 1 1099551600
136 120 0 1099900800
660 192 0 1099900800
457 48 0 1100073600
367 175 1 1100419200
466 167 1 1100419200
960 121 1 1100419200
960 142 1 1100419200
717 102 1 1100505600
914 166 1 1100592000
282 166 1 1100678400
255 146 1 1100764800
119 93 1 1100851200
906 138 1 1101024000
72 196 1 1101196800
98 196 1 1101196800
150 196 1 1101196800
176 196 1 1101196800
289 196 1 1101196800
750 196 1 1101196800
795 196 1 1101196800
799 196 1 1101196800
867 196 1 1101196800
882 196 1 1101196800
900 196 1 1101196800
959 196 1 1101196800
128 197 0 1101369600
510 80 1 1101369600
570 197 0 1101369600
490 146 1 1101628800
546 157 1 1101628800
618 133 1 1101628800
69 99 1 1101715200
128 172 1 1101715200
467 152 1 1101715200
472 153 1 1101715200
570 172 1 1101715200
616 153 1 1101715200
663 157 1 1101715200
668 190 1 1101715200
890 155 1 1101715200
211 200 0 1101801600
266 83 1 1101801600
26 146 1 1101888000
677 146 1 1101888000
72 201 1 1102060800
98 201 1 1102060800
150 201 1 1102060800
176 201 1 1102060800
289 201 1 1102060800
750 201 1 1102060800
795 201 1 1102060800
799 201 1 1102060800
867 201 1 1102060800
882 201 1 1102060800
900 201 1 1102060800
959 201 1 1102060800
287 142 1 1102147200
745 146 0 1102147200
998 202 1 1102147200
459 145 1 1102320000
1 157 1 1102406400
199 116 0 1102492800
926 104 1 1102492800
982 104 1 1102492800
187 168 1 1102665600
229 64 1 1102665600
229 113 1 1102665600
229 127 1 1102665600
229 130 1 1102665600
229 205 1 1102665600
372 146 1 1102665600
657 64 1 1102665600
919 139 1 1102665600
991 165 1 1102665600
92 142 1 1102838400
400 98 1 1102924800
731 179 1 1102924800
765 142 1 1102924800
46 192 1 1103011200
70 121 1 1103011200
283 153 1 1103011200
364 80 0 1103011200
364 81 0 1103011200
364 142 0 1103011200
400 80 0 1103011200
400 81 0 1103011200
400 142 0 1103011200
436 80 0 1103011200
436 81 0 1103011200
436 142 0 1103011200
438 80 0 1103011200
438 81 0 1103011200
438 142 0 1103011200
727 121 1 1103011200
810 192 1 1103011200
823 121 1 1103011200
910 121 1 1103011200
108 178 1 1103184000
366 3 0 1103184000
366 120 0 1103184000
684 178 1 1103184000
716 145 1 1103184000
815 2 1 1103270400
468 157 1 1103356800
702 157 1 1103356800
821 157 1 1103356800
897 157 1 1103356800
160 167 1 1103529600
426 167 1 1103529600
538 167 1 1103529600
588 138 1 1103529600
719 167 1 1103529600
190 201 1 1103702400
194 179 1 1103788800
461 167 1 1103788800
638 168 1 1103788800
681 63 0 1103788800
811 179 1 1103788800
669 160 1 1103875200
271 140 1 1103961600
583 138 1 1103961600
984 146 1 1103961600
365 157 1 1104048000
719 121 1 1104048000
843 166 0 1104048000
127 175 1 1104134400
265 146 1 1104134400
843 142 1 1104134400
956 162 1 1104134400
635 197 1 1104220800
992 197 1 1104220800
160 166 1 1104393600
426 166 1 1104393600
538 166 1 1104393600
719 166 1 1104393600
178 183 1 1104480000
296 153 1 1104480000
497 153 1 1104480000
562 137 1 1104480000
819 175 0 1104480000
174 184 1 1104566400
440 2 1 1104566400
557 143 1 1104566400
559 160 1 1104825600
814 142 1 1104825600
823 208 0 1104825600
283 172 1 1104912000
721 146 1 1104912000
935 146 1 1104912000
10 2 1 1104998400
56 3 0 1104998400
306 59 0 1104998400
735 59 0 1104998400
806 146 1 1105171200
45 140 1 1105257600
669 145 1 1105344000
423 146 0 1105516800
585 123 1 1105516800
783 153 0 1105603200
795 142 1 1105603200
995 143 0 1105603200
96 147 1 1105689600
533 2 1 1105689600
57 153 1 1105776000
311 143 1 1105776000
342 179 1 1105776000
468 2 1 1105776000
702 2 1 1105776000
821 2 1 1105776000
897 2 1 1105776000
980 179 1 1105776000
105 203 1 1105948800
427 167 1 1105948800
482 206 1 1105948800
568 167 1 1105948800
599 167 1 1105948800
976 123 1 1106294400
122 195 1 1106640000
511 195 1 1106640000
569 183 1 1106640000
128 143 1 1106726400
570 143 1 1106726400
848 143 1 1106726400
935 143 1 1106726400
99 80 1 1106812800
64 17 1 1106985600
64 160 0 1106985600
418 174 1 1106985600
581 17 1 1106985600
581 160 0 1106985600
735 17 1 1106985600
735 160 0 1106985600
131 161 0 1107072000
504 200 1 1107158400
803 158 1 1107158400
569 180 1 1107244800
741 180 1 1107244800
585 184 1 1107331200
57 207 1 1107417600
209 89 1 1107417600
920 142 1 1107417600
622 157 1 1107504000
66 179 0 1107590400
844 179 0 1107590400
28 94 1 1107676800
120 68 1 1107676800
153 68 1 1107676800
171 98 1 1107676800
206 137 1 1107676800
563 137 1 1107676800
759 142 1 1107936000
829 167 1 1107936000
608 206 1 1108022400
629 167 1 1108368000
970 121 1 1108454400
132 160 1 1108540800
206 167 1 1108540800
327 167 1 1108540800
593 167 1 1108540800
667 104 1 1108627200
119 184 1 1108713600
267 175 1 1108713600
164 160 0 1108800000
351 198 1 1109145600
751 160 0 1109145600
239 127 0 1109232000
293 216 1 1109404800
360 179 1 1109404800
366 2 1 1109404800
806 132 1 1109404800
195 86 0 1109491200
704 172 1 1109664000
494 142 1 1109836800
648 142 1 1109836800
899 210 1 1109836800
337 103 1 1110096000
869 181 1 1110268800
70 179 1 1110355200
36 146 1 1110528000
319 219 1 1110700800
386 183 1 1110700800
785 84 1 1110700800
194 220 1 1110783600
760 213 0 1110783600
811 220 1 1110783600
34 219 1 1110870000
49 221 1 1110870000
72 220 1 1110870000
98 220 1 1110870000
150 220 1 1110870000
176 220 1 1110870000
289 220 1 1110870000
305 220 1 1110870000
343 220 1 1110870000
395 219 1 1110870000
552 220 1 1110870000
795 220 1 1110870000
799 220 1 1110870000
867 220 1 1110870000
882 220 1 1110870000
900 220 1 1110870000
959 220 1 1110870000
147 143 1 1110956400
340 82 0 1110956400
480 82 0 1110956400
197 153 1 1111042800
444 153 1 1111042800
989 175 1 1111129200
103 142 1 1111388400
103 166 1 1111388400
103 175 1 1111388400
465 142 1 1111388400
465 166 1 1111388400
465 175 1 1111388400
522 163 1 1111561200
706 198 0 1111561200
854 142 1 1111561200
915 220 1 1111561200
898 83 1 1111734000
991 175 1 1111734000
404 141 0 1111820400
775 141 0 1111820400
482 50 0 1111906800
461 179 1 1111993200
913 143 1 1112079600
12 196 1 1112166000
162 196 1 1112166000
316 219 1 1112166000
396 196 1 1112166000
874 196 1 1112166000
385 216 1 1112252400
233 153 0 1112338800
158 220 1 1112425200
591 167 1 1112425200
233 206 1 1112511600
317 2 1 1112511600
736 180 0 1112511600
809 2 1 1112598000
100 184 1 1113202800
284 184 1 1113202800
349 198 1 1113202800
845 184 1 1113202800
957 184 1 1113202800
874 159 1 1113462000
632 179 1 1113634800
684 187 1 1113634800
70 63 1 1113721200
71 210 1 1113721200
879 210 1 1113721200
206 179 1 1113807600
206 219 1 1113807600
450 220 1 1113807600
629 179 1 1113807600
629 219 1 1113807600
599 207 1 1113894000
742 207 1 1113894000
459 157 0 1114066800
950 157 0 1114066800
507 166 1 1114153200
834 197 0 1114153200
292 160 1 1114412400
482 175 1 1114412400
878 175 1 1114412400
888 175 1 1114412400
861 233 1 1114498800
235 157 1 1114585200
973 83 1 1114585200
973 121 1 1114585200
671 233 1 1114671600
771 231 1 1114758000
141 171 1 1114844400
480 153 1 1114930800
388 121 1 1115017200
492 234 1 1115017200
537 217 1 1115103600
83 212 1 1115449200
670 153 1 1115449200
759 190 1 1115449200
98 89 1 1115535600
373 193 1 1115881200
733 2 1 1115881200
573 174 1 1115967600
721 234 1 1115967600
647 158 1 1116054000
16 68 1 1116313200
290 95 1 1116313200
321 68 1 1116313200
965 179 1 1116313200
291 2 1 1116486000
312 205 1 1116486000
911 145 1 1116486000
947 2 1 1116486000
54 86 1 1116572400
771 237 1 1117090800
72 234 1 1117177200
98 234 1 1117177200
150 234 1 1117177200
176 234 1 1117177200
289 234 1 1117177200
750 234 1 1117177200
795 234 1 1117177200
799 234 1 1117177200
867 234 1 1117177200
882 234 1 1117177200
900 234 1 1117177200
959 234 1 1117177200
550 231 1 1117263600
961 231 1 1117263600
500 183 1 1117350000
661 139 1 1117350000
44 239 1 1117695600
880 148 1 1117695600
33 187 1 1117782000
709 99 1 1117782000
790 187 1 1117782000
168 240 1 1117868400
567 104 1 1117868400
34 220 1 1117954800
254 231 1 1117954800
319 220 1 1117954800
347 220 1 1117954800
28 241 1 1118041200
692 149 0 1118041200
175 236 1 1118127600
258 191 1 1118127600
668 236 1 1118127600
70 175 1 1118214000
727 175 1 1118214000
823 175 1 1118214000
910 175 1 1118214000
453 214 1 1118386800
444 242 1 1118473200
735 92 1 1118646000
672 89 0 1118732400
627 167 1 1118818800
76 244 1 1118905200
954 244 1 1118905200
65 235 1 1118991600
388 172 1 1119078000
307 238 1 1119250800
512 238 1 1119250800
361 148 0 1119337200
785 89 0 1119337200
923 17 1 1119337200
669 246 0 1119423600
673 2 1 1119423600
235 147 1 1119510000
500 218 1 1119596400
29 168 1 1119769200
193 174 1 1119855600
291 174 1 1119855600
643 235 1 1119942000
708 81 1 1119942000
708 142 1 1119942000
270 139 0 1120028400
822 196 1 1120028400
165 183 1 1120114800
297 183 1 1120114800
447 183 1 1120114800
464 183 1 1120114800
610 189 0 1120201200
643 143 1 1120201200
864 189 0 1120201200
115 142 1 1120374000
370 142 1 1120374000
392 142 1 1120374000
411 142 1 1120374000
463 142 1 1120374000
473 142 1 1120374000
508 142 1 1120374000
674 142 1 1120374000
755 142 1 1120374000
824 142 1 1120374000
927 142 1 1120374000
495 142 1 1120460400
734 179 0 1120460400
863 142 1 1120460400
529 190 1 1120546800
785 220 1 1120546800
81 243 1 1120633200
253 172 0 1120633200
397 243 1 1120633200
266 196 1 1120719600
857 251 0 1120719600
941 143 1 1120719600
115 143 1 1120806000
329 240 1 1120806000
370 143 1 1120806000
392 143 1 1120806000
396 176 1 1120806000
411 143 1 1120806000
463 143 1 1120806000
473 143 1 1120806000
508 143 1 1120806000
674 143 1 1120806000
755 143 1 1120806000
824 143 1 1120806000
863 240 1 1120806000
870 143 1 1120806000
927 143 1 1120806000
453 112 0 1120892400
972 166 1 1120892400
855 149 1 1120978800
999 2 1 1120978800
14 230 1 1121065200
891 249 1 1121065200
885 206 1 1121151600
954 167 1 1121151600
533 84 1 1121238000
469 80 1 1121324400
772 196 1 1121324400
428 240 1 1121497200
53 187 1 1121583600
339 104 1 1121670000
601 104 1 1121670000
832 104 1 1121670000
997 217 1 1121756400
154 143 1 1121842800
154 189 1 1121842800
180 217 1 1121842800
888 250 1 1121929200
72 253 1 1122015600
98 253 1 1122015600
150 253 1 1122015600
176 253 1 1122015600
289 253 1 1122015600
358 140 1 1122015600
750 253 1 1122015600
795 253 1 1122015600
799 253 1 1122015600
867 253 1 1122015600
882 253 1 1122015600
900 253 1 1122015600
959 253 1 1122015600
431 80 1 1122102000
431 81 1 1122102000
969 80 1 1122102000
969 81 1 1122102000
162 5 1 1122188400
173 195 1 1122188400
339 77 1 1122188400
493 218 1 1122188400
554 5 1 1122188400
601 77 1 1122188400
830 218 1 1122188400
832 77 1 1122188400
841 228 1 1122274800
534 80 1 1122447600
860 166 1 1122447600
938 166 1 1122447600
174 159 1 1122534000
552 81 1 1122534000
613 143 1 1122620400
458 237 1 1122793200
229 239 1 1122879600
886 254 1 1122879600
924 228 1 1122879600
126 143 1 1122966000
376 143 1 1122966000
210 218 1 1123052400
377 145 1 1123052400
425 154 1 1123052400
648 143 1 1123052400
66 22 1 1123138800
449 22 1 1123138800
915 219 1 1123138800
282 229 1 1123225200
4 249 1 1123311600
41 142 1 1123311600
140 142 1 1123311600
182 75 1 1123398000
951 121 0 1123398000
739 163 1 1123570800
901 142 1 1123570800
566 83 1 1123657200
571 218 1 1123657200
403 219 1 1123830000
593 218 1 1123830000
123 79 1 1123916400
415 148 1 1123916400
496 239 1 1123916400
774 239 1 1123916400
845 172 1 1123916400
273 212 1 1124002800
28 142 1 1124089200
252 228 1 1124089200
409 176 1 1124089200
503 140 1 1124089200
946 240 1 1124175600
380 179 1 1124262000
502 217 1 1124262000
71 220 1 1124348400
161 148 1 1124434800
202 148 1 1124434800
655 219 1 1124434800
687 176 1 1124434800
983 154 1 1124434800
190 187 1 1124607600
996 187 1 1124607600
2 232 1 1124780400
689 145 1 1124780400
614 142 1 1124953200
65 145 1 1125039600
598 175 1 1125039600
120 145 1 1125126000
58 235 0 1125298800
443 220 1 1125298800
790 174 1 1125298800
653 148 1 1125385200
909 154 1 1125385200
238 240 1 1125471600
577 175 1 1125471600
853 217 1 1125471600
408 148 1 1125558000
645 195 1 1125644400
373 172 1 1125730800
978 259 1 1125730800
575 116 1 1125903600
902 259 1 1125903600
130 84 1 1125990000
181 179 1 1125990000
319 261 1 1125990000
718 121 1 1125990000
392 189 1 1126076400
778 189 1 1126076400
213 227 1 1126162800
363 133 1 1126162800
527 240 1 1126249200
5 231 1 1126335600
265 195 1 1126335600
275 142 1 1126335600
339 231 1 1126335600
56 167 1 1126422000
522 241 1 1126422000
534 237 1 1126422000
576 84 0 1126422000
843 179 1 1126422000
52 217 1 1126508400
119 265 1 1126508400
195 219 1 1126681200
583 219 1 1126681200
878 43 1 1126681200
892 219 1 1126681200
936 255 1 1126681200
1000 265 1 1126681200
454 219 1 1126767600
525 219 1 1126767600
547 179 1 1126767600
846 219 1 1126767600
448 234 0 1126854000
847 237 1 1126854000
697 237 1 1126940400
105 2 1 1127026800
226 2 1 1127026800
305 2 1 1127113200
343 2 1 1127113200
105 268 1 1127199600
159 142 1 1127199600
380 268 1 1127199600
415 117 1 1127199600
878 220 1 1127199600
363 80 1 1127286000
567 146 1 1127286000
568 146 1 1127286000
587 265 0 1127286000
385 175 1 1127372400
194 166 0 1127458800
3 219 1 1127545200
984 217 1 1127545200
204 262 1 1127631600
57 199 0 1127977200
541 166 1 1127977200
613 197 1 1127977200
975 218 1 1127977200
178 252 0 1128063600
605 266 0 1128150000
76 259 1 1128236400
547 259 1 1128236400
595 218 1 1128236400
822 142 1 1128236400
241 237 1 1128322800
961 237 1 1128322800
709 259 1 1128409200
139 266 1 1128495600
237 232 1 1128495600
285 262 1 1128668400
560 152 1 1128668400
560 177 1 1128668400
726 262 1 1128668400
785 262 1 1128668400
930 152 1 1128668400
930 177 1 1128668400
445 177 0 1128754800
597 228 1 1128754800
113 234 1 1128841200
386 104 1 1128841200
549 191 1 1128841200
649 191 1 1128841200
975 259 1 1128841200
27 252 1 1128927600
92 274 1 1128927600
242 189 1 1128927600
797 252 1 1128927600
268 264 1 1129014000
357 143 1 1129014000
439 143 1 1129014000
471 143 1 1129014000
532 143 1 1129014000
288 199 0 1129100400
448 160 1 1129100400
483 104 1 1129100400
544 160 1 1129100400
421 220 1 1129186800
835 5 1 1129186800
55 81 1 1129273200
725 112 1 1129273200
951 225 1 1129273200
488 257 1 1129359600
816 220 1 1129359600
700 2 1 1129446000
902 217 1 1129446000
920 2 1 1129446000
448 219 1 1129532400
683 80 1 1129532400
897 80 1 1129532400
869 80 1 1129618800
25 217 1 1129705200
25 264 1 1129705200
691 240 1 1129705200
213 80 1 1129791600
577 237 1 1129791600
829 171 1 1129964400
832 220 1 1129964400
321 179 1 1130137200
418 179 1 1130137200
732 219 1 1130137200
950 179 1 1130137200
38 142 1 1130223600
331 123 0 1130223600
793 142 1 1130223600
436 262 1 1130310000
907 82 0 1130310000
976 82 0 1130310000
244 251 1 1130396400
701 262 1 1130396400
617 142 1 1130482800
263 219 1 1130569200
263 219 0 1130569200
617 223 1 1130569200
841 176 1 1130655600
781 217 1 1130742000
591 163 1 1130914800
939 218 1 1130914800
177 238 1 1131001200
484 238 1 1131001200
41 220 1 1131087600
94 279 1 1131350400
884 167 1 1131350400
241 269 1 1131609600
328 175 1 1131609600
973 149 1 1131609600
196 84 1 1131696000
959 231 1 1131782400
255 143 0 1131868800
553 149 0 1132041600
937 281 1 1132041600
29 220 1 1132214400
49 157 0 1132214400
17 231 1 1132387200
146 231 1 1132387200
169 195 1 1132387200
208 254 1 1132387200
437 254 1 1132387200
641 254 1 1132387200
840 261 1 1132387200
522 243 0 1132473600
979 283 1 1132473600
41 241 1 1132560000
330 230 1 1132560000
258 234 1 1132646400
378 234 1 1132646400
845 271 1 1132732800
732 287 1 1132819200
797 243 1 1132819200
359 220 1 1132905600
114 237 1 1133078400
477 154 1 1133078400
850 190 1 1133078400
941 214 1 1133078400
130 231 0 1133164800
261 231 0 1133164800
584 259 1 1133164800
294 219 0 1133251200
477 264 1 1133251200
89 276 1 1133424000
794 104 1 1133424000
490 220 1 1133510400
141 289 1 1133596800
189 252 1 1133596800
280 252 1 1133596800
338 235 1 1133596800
961 139 1 1133596800
757 290 1 1133683200
310 224 1 1133769600
443 189 0 1133769600
904 189 0 1133769600
749 254 0 1133856000
931 179 1 1133942400
984 152 1 1134028800
379 250 1 1134115200
473 253 1 1134115200
200 109 1 1134201600
820 263 1 1134201600
997 218 1 1134288000
810 217 1 1134374400
7 142 1 1134460800
117 264 1 1134460800
345 266 0 1134460800
453 209 1 1134460800
664 266 0 1134460800
786 201 1 1134460800
99 250 1 1134547200
199 250 1 1134547200
410 250 1 1134547200
778 163 1 1134547200
35 137 0 1134633600
370 137 0 1134633600
582 183 1 1134633600
736 262 1 1134633600
912 137 0 1134633600
976 183 1 1134633600
72 235 1 1134720000
98 235 1 1134720000
150 235 1 1134720000
176 235 1 1134720000
289 235 1 1134720000
750 235 1 1134720000
762 235 1 1134720000
795 235 1 1134720000
799 235 1 1134720000
867 235 1 1134720000
882 235 1 1134720000
900 235 1 1134720000
959 235 1 1134720000
776 235 1 1134806400
284 262 1 1134892800
440 155 1 1134892800
700 263 1 1134979200
737 259 1 1135065600
966 220 1 1135065600
978 291 1 1135065600
99 273 1 1135152000
199 273 1 1135152000
410 273 1 1135152000
157 263 1 1135238400
352 220 1 1135238400
469 263 1 1135238400
627 220 1 1135238400
925 81 0 1135324800
237 177 1 1135497600
782 102 0 1135497600
313 110 0 1135584000
368 275 1 1135670400
10 293 1 1135756800
498 228 1 1135756800
246 147 1 1135843200
794 252 0 1135843200
253 235 1 1135929600
313 143 1 1135929600
413 80 1 1135929600
502 80 1 1135929600
936 157 1 1135929600
11 243 1 1136102400
15 266 1 1136102400
817 262 1 1136102400
68 296 1 1136188800
87 269 1 1136188800
402 2 1 1136188800
473 266 1 1136188800
729 142 1 1136188800
667 259 1 1136275200
886 217 1 1136275200
737 84 0 1136448000
40 153 1 1136534400
738 153 1 1136534400
168 234 1 1136620800
326 263 1 1136620800
895 146 1 1136620800
899 256 1 1136620800
956 124 1 1136620800
217 176 0 1136793600
62 83 1 1136880000
782 240 1 1136880000
794 264 1 1136966400
332 237 1 1137052800
336 243 1 1137052800
374 243 1 1137052800
4 261 1 1137312000
432 255 1 1137312000
714 124 0 1137312000
726 252 1 1137312000
837 255 1 1137312000
917 255 1 1137312000
133 102 1 1137398400
415 231 0 1137484800
423 224 1 1137571200
995 224 1 1137571200
574 220 1 1137657600
855 292 1 1137744000
591 142 1 1137830400
889 189 0 1137916800
47 240 1 1138003200
118 146 0 1138003200
140 226 0 1138003200
342 240 1 1138003200
543 2 1 1138003200
713 226 0 1138003200
884 267 1 1138003200
945 228 1 1138003200
455 234 1 1138089600
485 175 1 1138176000
687 269 1 1138176000
764 91 1 1138176000
866 269 1 1138176000
39 277 1 1138262400
112 277 1 1138262400
289 254 1 1138262400
509 277 1 1138262400
107 234 0 1138435200
404 254 1 1138435200
125 239 1 1138521600
635 234 1 1138521600
217 152 1 1138608000
666 255 1 1138608000
833 214 1 1138608000
847 255 1 1138608000
978 148 1 1138608000
461 262 1 1138694400
598 217 1 1138694400
728 116 1 1138867200
242 262 1 1138953600
808 259 1 1139040000
823 303 1 1139212800
33 82 0 1139385600
576 82 0 1139385600
81 2 1 1139472000
62 262 1 1139644800
302 243 1 1139644800
403 240 1 1139817600
323 262 1 1139904000
650 252 1 1139904000
672 252 1 1139904000
285 237 1 1139990400
331 255 1 1139990400
486 239 1 1139990400
726 237 1 1139990400
785 237 1 1139990400
895 255 1 1139990400
179 236 1 1140076800
315 127 1 1140076800
539 243 1 1140163200
160 142 1 1140336000
375 241 0 1140336000
9 250 1 1140422400
422 116 0 1140422400
610 239 1 1140422400
678 301 1 1140422400
403 262 1 1140508800
424 301 1 1140508800
3 308 1 1140595200
578 261 1 1140595200
681 217 1 1140595200
131 231 1 1140681600
240 252 1 1140681600
302 217 1 1140681600
523 104 1 1140681600
563 220 1 1140681600
604 225 1 1140768000
905 228 1 1140768000
975 235 1 1140768000
46 231 1 1140854400
107 217 1 1140854400
468 104 1 1140854400
644 217 1 1140854400
923 142 1 1140854400
42 81 1 1140940800
54 311 1 1140940800
487 255 1 1140940800
34 217 1 1141113600
128 313 1 1141286400
315 255 1 1141286400
570 313 1 1141286400
755 255 1 1141286400
413 178 0 1141372800
614 289 1 1141372800
816 2 1 1141372800
185 78 1 1141459200
508 78 1 1141459200
853 234 1 1141459200
970 78 1 1141459200
725 81 1 1141632000
768 166 0 1141632000
859 266 1 1141632000
678 231 1 1141718400
699 220 1 1141718400
645 296 1 1141804800
807 240 1 1141804800
826 240 1 1141804800
173 262 1 1141891200
730 218 1 1141891200
944 220 1 1141891200
404 142 1 1141977600
658 226 1 1141977600
751 264 0 1141977600
442 313 1 1142064000
893 261 1 1142064000
893 264 1 1142064000
59 237 0 1142150400
905 266 0 1142150400
486 240 1 1142233200
534 227 1 1142233200
517 305 1 1142319600
715 305 1 1142319600
805 240 1 1142319600
865 317 1 1142319600
936 2 1 1142319600
939 240 1 1142319600
196 237 1 1142406000
642 225 1 1142406000
885 179 1 1142406000
509 297 1 1142492400
276 314 1 1142578800
276 316 1 1142578800
470 319 1 1142578800
221 217 1 1142665200
581 252 1 1142665200
992 314 1 1142665200
836 2 1 1142751600
307 318 1 1142838000
18 234 1 1142924400
21 224 0 1142924400
109 224 0 1142924400
390 220 1 1142924400
404 255 1 1142924400
757 234 1 1142924400
760 268 1 1142924400
775 320 1 1142924400
788 228 1 1142924400
175 214 1 1143097200
214 220 1 1143097200
91 104 1 1143356400
775 104 1 1143356400
420 314 1 1143529200
13 220 1 1143615600
304 245 1 1143615600
675 235 1 1143615600
547 145 1 1143788400
8 94 1 1143874800
350 314 1 1143874800
188 256 1 1143961200
993 256 1 1143961200
200 99 1 1144134000
939 161 0 1144134000
444 250 1 1144220400
67 240 1 1144306800
498 242 0 1144306800
183 259 1 1144393200
717 238 1 1144393200
2 198 1 1144479600
994 292 1 1144652400
60 269 1 1144738800
249 219 1 1145084400
653 324 1 1145084400
412 179 1 1145257200
666 231 1 1145257200
333 220 1 1145343600
441 217 0 1145430000
441 250 0 1145430000
441 252 0 1145430000
441 255 0 1145430000
441 262 0 1145430000
441 264 0 1145430000
519 217 0 1145430000
519 250 0 1145430000
519 252 0 1145430000
519 255 0 1145430000
519 262 0 1145430000
519 264 0 1145430000
545 217 0 1145430000
545 250 0 1145430000
545 252 0 1145430000
545 255 0 1145430000
545 262 0 1145430000
545 264 0 1145430000
641 217 0 1145430000
641 250 0 1145430000
641 252 0 1145430000
641 255 0 1145430000
641 262 0 1145430000
641 264 0 1145430000
723 252 1 1145430000
781 259 1 1145430000
828 217 0 1145430000
828 250 0 1145430000
828 252 0 1145430000
828 255 0 1145430000
828 262 0 1145430000
828 264 0 1145430000
3 175 1 1145516400
930 289 1 1145516400
964 276 1 1145516400
117 141 1 1145689200
346 237 1 1145775600
910 237 1 1145775600
151 95 1 1145862000
212 104 1 1145862000
588 298 1 1145948400
513 267 1 1146034800
16 220 1 1146121200
178 321 0 1146466800
520 217 1 1146466800
811 321 0 1146466800
37 259 1 1146639600
381 239 0 1146639600
773 239 0 1146639600
442 255 1 1146726000
549 81 1 1146898800
472 121 1 1146985200
125 314 1 1147071600
644 212 1 1147071600
16 327 1 1147244400
845 239 1 1147244400
890 153 1 1147244400
135 153 0 1147590000
24 255 0 1147676400
80 266 1 1147676400
735 263 1 1147676400
766 143 0 1147762800
999 324 1 1147849200
557 149 1 1147935600
667 240 1 1148022000
745 171 1 1148108400
728 255 1 1148194800
455 110 0 1148281200
679 301 0 1148454000
524 2 1 1148626800
975 220 1 1148626800
115 148 1 1148713200
645 324 1 1148713200
200 239 1 1148799600
225 324 1 1148886000
38 326 1 1148972400
327 323 0 1148972400
516 333 1 1148972400
704 313 1 1148972400
112 312 1 1149145200
205 250 1 1149404400
628 255 1 1149404400
928 233 1 1149404400
677 197 1 1149490800
810 197 1 1149490800
361 219 1 1149577200
184 82 0 1149663600
513 273 1 1149663600
931 273 1 1149663600
346 268 1 1149836400
990 102 1 1149836400
20 17 1 1149922800
388 287 1 1149922800
697 298 0 1149922800
980 287 1 1149922800
56 262 1 1150095600
79 328 1 1150182000
962 236 1 1150182000
185 336 1 1150268400
391 298 1 1150268400
472 298 1 1150268400
824 236 1 1150268400
277 157 0 1150354800
232 77 1 1150527600
141 227 1 1150614000
701 227 1 1150614000
92 235 1 1150786800
325 137 0 1150786800
576 220 1 1150786800
586 267 1 1150786800
285 145 1 1150959600
660 259 1 1150959600
726 145 1 1150959600
785 145 1 1150959600
805 176 1 1150959600
114 339 1 1151046000
218 339 1 1151046000
181 296 1 1151132400
181 340 1 1151132400
272 296 1 1151132400
272 340 1 1151132400
421 296 1 1151132400
421 340 1 1151132400
197 142 0 1151218800
325 313 1 1151218800
698 142 0 1151218800
812 142 0 1151218800
822 228 1 1151218800
96 273 1 1151305200
181 313 1 1151305200
186 159 1 1151305200
272 313 1 1151305200
421 313 1 1151305200
51 179 1 1151478000
873 154 1 1151564400
414 226 0 1151737200
737 226 0 1151737200
642 260 1 1151823600
880 177 1 1151910000
255 335 1 1151996400
580 230 1 1151996400
432 220 1 1152082800
69 293 1 1152169200
451 278 1 1152169200
472 217 1 1152169200
921 293 1 1152169200
324 252 1 1152255600
425 153 1 1152255600
742 326 1 1152255600
859 345 1 1152255600
148 278 1 1152342000
356 314 1 1152342000
365 121 1 1152342000
828 340 1 1152342000
845 217 1 1152342000
918 252 1 1152342000
2 252 1 1152514800
636 142 1 1152514800
868 314 1 1152514800
126 217 1 1152687600
467 217 1 1152687600
959 217 1 1152687600
248 104 1 1152774000
900 204 1 1152774000
324 172 1 1152946800
365 80 1 1152946800
652 172 1 1152946800
686 236 1 1152946800
157 149 1 1153119600
477 324 1 1153119600
797 220 1 1153119600
836 220 1 1153119600
903 338 1 1153119600
312 219 1 1153206000
174 340 1 1153292400
466 219 1 1153292400
907 219 1 1153292400
228 324 1 1153378800
528 310 1 1153378800
783 322 0 1153378800
901 310 1 1153378800
307 220 1 1153465200
27 83 1 1153551600
196 252 1 1153551600
704 252 1 1153551600
707 313 1 1153551600
181 350 1 1153638000
272 350 1 1153638000
421 350 1 1153638000
777 338 1 1153810800
536 234 1 1153983600
850 235 1 1154070000
371 165 0 1154156400
529 220 1 1154156400
228 236 1 1154242800
538 344 1 1154242800
448 220 1 1154329200
544 220 1 1154329200
180 251 1 1154415600
407 254 1 1154415600
968 324 1 1154415600
975 262 1 1154415600
181 351 1 1154502000
272 351 1 1154502000
421 351 1 1154502000
893 220 1 1154674800
291 255 1 1154761200
698 314 1 1154761200
428 304 1 1154847600
47 317 1 1155193200
128 218 0 1155193200
431 218 0 1155193200
555 316 1 1155193200
141 296 1 1155279600
583 49 1 1155279600
671 296 1 1155279600
852 296 1 1155279600
327 330 0 1155625200
127 166 1 1155711600
127 166 0 1155711600
621 236 1 1155711600
104 355 1 1155798000
679 157 0 1155798000
846 235 1 1155884400
3 163 1 1155970800
618 217 1 1155970800
958 219 1 1155970800
161 302 1 1156057200
434 302 1 1156057200
225 236 1 1156230000
685 236 1 1156230000
9 174 1 1156316400
287 228 1 1156316400
400 357 1 1156316400
520 262 1 1156402800
767 289 1 1156402800
173 220 1 1156489200
791 273 1 1156489200
960 273 1 1156489200
371 212 1 1156575600
611 212 1 1156575600
756 212 1 1156575600
506 220 1 1156748400
587 161 1 1156748400
733 220 1 1156748400
808 359 1 1156748400
977 220 1 1156748400
985 220 1 1156748400
136 298 1 1156834800
690 236 1 1156921200
827 328 0 1156921200
314 2 1 1157007600
696 334 1 1157007600
105 177 1 1157094000
809 189 1 1157094000
137 238 1 1157180400
166 238 1 1157180400
356 238 1 1157180400
985 229 0 1157180400
558 227 1 1157266800
694 227 1 1157266800
187 326 1 1157526000
445 281 1 1157612400
532 321 1 1157612400
977 251 0 1157698800
134 146 1 1157871600
308 140 0 1157958000
776 166 1 1157958000
251 326 1 1158303600
825 326 1 1158303600
240 142 1 1158390000
221 136 1 1158476400
316 340 1 1158476400
699 293 1 1158562800
156 333 1 1158649200
49 331 1 1158735600
481 361 1 1158735600
821 316 1 1158735600
65 220 1 1158908400
523 326 1 1158908400
744 365 1 1159254000
101 266 0 1159340400
851 314 1 1159340400
573 314 1 1159513200
654 314 1 1159513200
385 350 1 1159599600
826 370 1 1159599600
378 313 1 1159686000
511 240 0 1159772400
661 371 1 1159772400
216 322 1 1159858800
976 333 1 1159858800
761 326 1 1159945200
858 121 1 1159945200
53 370 1 1160118000
462 220 1 1160118000
520 373 0 1160204400
218 142 1 1160636400
112 142 1 1160722800
131 344 1 1160722800
509 142 1 1160722800
383 296 1 1160809200
537 296 0 1160809200
687 219 0 1161068400
818 235 0 1161068400
309 24 1 1161154800
486 288 0 1161154800
499 81 1 1161327600
274 314 1 1161500400
456 296 1 1161673200
960 232 1 1161673200
555 295 1 1161846000
694 372 1 1161846000
640 326 1 1162018800
951 324 1 1162018800
102 330 0 1162105200
192 262 0 1162105200
770 330 0 1162105200
986 326 1 1162191600
131 313 1 1162278000
188 121 1 1162364400
955 167 1 1162364400
972 326 1 1162364400
282 237 0 1162450800
582 324 1 1162450800
942 330 1 1162450800
60 104 0 1162537200
182 234 1 1162537200
367 260 1 1162537200
382 171 1 1162537200
448 104 0 1162537200
622 97 1 1162537200
633 256 1 1162537200
646 313 1 1162537200
785 340 1 1162537200
817 340 1 1162537200
862 255 1 1162537200
932 219 1 1162537200
962 259 1 1162537200
22 278 1 1162623600
686 111 1 1162623600
170 220 1 1162710000
265 237 1 1162710000
386 2 1 1162710000
515 262 1 1162710000
744 205 1 1162710000
827 2 1 1162710000
875 333 1 1162710000
219 386 0 1162800000
311 386 0 1162800000
592 386 0 1162800000
670 372 1 1162972800
38 389 1 1163059200
154 167 1 1163059200
277 176 1 1163059200
409 219 1 1163059200
536 370 1 1163059200
552 83 1 1163059200
977 142 1 1163059200
997 370 1 1163059200
16 142 1 1163145600
553 258 1 1163145600
806 121 1 1163145600
183 137 1 1163232000
675 77 1 1163232000
302 338 1 1163318400
401 324 1 1163318400
423 333 1 1163318400
820 375 0 1163318400
860 338 1 1163318400
887 324 1 1163318400
235 385 1 1163491200
295 366 1 1163664000
452 300 1 1163750400
115 259 1 1163836800
353 220 1 1164009600
141 259 1 1164268800
701 259 1 1164268800
423 396 0 1164355200
328 214 1 1164441600
737 396 1 1164441600
875 261 1 1164441600
953 214 1 1164441600
382 166 1 1164528000
72 121 1 1164614400
98 121 1 1164614400
142 339 1 1164614400
150 121 1 1164614400
176 121 1 1164614400
289 121 1 1164614400
750 121 1 1164614400
795 121 1 1164614400
799 121 1 1164614400
867 121 1 1164614400
882 121 1 1164614400
900 121 1 1164614400
959 121 1 1164614400
401 385 1 1164700800
416 241 0 1164700800
628 313 1 1164700800
881 241 0 1164700800
885 346 1 1164700800
240 296 1 1164787200
481 372 1 1164787200
748 397 1 1164787200
52 297 1 1164873600
786 396 1 1164873600
245 339 1 1164960000
565 236 1 1164960000
167 397 1 1165046400
662 188 1 1165046400
421 214 1 1165132800
516 185 1 1165132800
929 214 1 1165132800
529 334 0 1165219200
656 259 1 1165219200
188 381 1 1165305600
991 306 1 1165305600
324 330 0 1165392000
432 387 1 1165392000
158 44 1 1165478400
671 382 1 1165478400
40 313 1 1165651200
88 282 1 1165651200
521 393 1 1165651200
981 346 1 1165651200
40 395 1 1165737600
193 2 1 1165824000
516 259 0 1165824000
642 339 1 1165824000
23 314 1 1165910400
532 292 1 1165910400
158 289 1 1165996800
543 236 1 1165996800
974 179 1 1165996800
506 269 1 1166083200
733 269 1 1166083200
977 269 1 1166083200
985 269 1 1166083200
311 396 1 1166169600
245 371 1 1166256000
633 387 1 1166256000
936 371 1 1166256000
19 104 1 1166428800
665 104 1 1166428800
672 326 1 1166428800
869 370 1 1166428800
871 104 1 1166428800
510 306 1 1166515200
729 306 1 1166515200
270 264 1 1166601600
417 179 1 1166601600
142 169 1 1166688000
358 406 0 1166688000
640 375 1 1166688000
89 181 1 1166860800
466 339 1 1166947200
832 314 1 1166947200
990 396 0 1166947200
361 372 1 1167033600
580 160 1 1167033600
580 257 1 1167033600
585 160 1 1167033600
585 257 1 1167033600
720 337 1 1167033600
780 160 1 1167033600
780 257 1 1167033600
69 289 1 1167120000
166 372 1 1167120000
276 346 0 1167120000
281 124 1 1167120000
577 219 1 1167120000
706 409 0 1167120000
826 372 1 1167120000
68 178 0 1167206400
102 412 1 1167206400
399 81 0 1167206400
420 267 1 1167206400
524 374 1 1167206400
600 2 1 1167206400
646 372 1 1167206400
699 81 0 1167206400
730 142 0 1167206400
789 278 1 1167206400
918 142 0 1167206400
76 309 1 1167292800
237 396 1 1167292800
430 396 1 1167292800
864 80 1 1167292800
896 360 1 1167292800
68 304 1 1167379200
726 304 1 1167379200
605 220 1 1167465600
837 220 1 1167465600
938 220 1 1167465600
964 330 1 1167465600
573 372 1 1167552000
304 264 1 1167638400
83 220 1 1167724800
510 289 1 1167724800
702 404 1 1167724800
747 289 1 1167724800
864 324 1 1167724800
145 376 1 1167811200
289 297 1 1167811200
315 17 1 1167811200
325 142 0 1167811200
474 262 1 1167811200
484 217 1 1167811200
576 333 1 1167811200
658 231 0 1167811200
711 370 1 1167811200
788 314 1 1167811200
813 219 1 1167811200
870 372 0 1167811200
877 324 1 1167811200
939 418 1 1167811200
956 372 1 1167811200
7 227 1 1167897600
76 372 1 1167897600
113 421 0 1167897600
261 374 1 1167897600
317 313 1 1167897600
438 421 0 1167897600
515 302 1 1167897600
691 254 1 1167897600
695 302 1 1167897600
826 289 1 1167897600
1 313 1 1167984000
45 313 1 1167984000
308 176 1 1167984000
491 314 1 1167984000
555 423 1 1167984000
604 176 1 1167984000
668 243 1 1167984000
154 393 1 1168070400
391 324 1 1168070400
395 364 1 1168070400
446 103 1 1168070400
562 326 1 1168070400
414 153 1 1168156800
468 259 0 1168156800
702 259 0 1168156800
821 259 0 1168156800
860 417 1 1168156800
897 259 0 1168156800
873 372 1 1168243200
11 338 1 1168329600
88 304 1 1168329600
94 333 1 1168329600
101 395 1 1168329600
119 127 1 1168329600
123 347 1 1168329600
124 259 1 1168329600
127 333 1 1168329600
195 372 1 1168329600
215 347 1 1168329600
230 79 1 1168329600
248 314 1 1168329600
263 142 1 1168329600
293 380 1 1168329600
296 220 1 1168329600
301 219 1 1168329600
306 2 1 1168329600
327 296 1 1168329600
335 219 1 1168329600
337 326 1 1168329600
344 406 1 1168329600
362 324 1 1168329600
415 314 1 1168329600
416 416 1 1168329600
488 372 1 1168329600
496 188 1 1168329600
513 326 1 1168329600
535 254 1 1168329600
546 111 1 1168329600
551 264 1 1168329600
574 289 1 1168329600
582 314 1 1168329600
590 267 1 1168329600
596 316 1 1168329600
625 111 1 1168329600
631 354 1 1168329600
644 259 1 1168329600
689 259 1 1168329600
701 324 1 1168329600
718 372 1 1168329600
748 333 1 1168329600
771 142 1 1168329600
784 267 1 1168329600
793 102 1 1168329600
796 236 1 1168329600
848 220 1 1168329600
906 316 1 1168329600
926 346 1 1168329600
929 313 0 1168329600
934 304 1 1168329600
935 330 1 1168329600
945 142 1 1168329600
947 426 1 1168329600
949 429 1 1168329600
965 121 1 1168329600
983 79 1 1168329600
994 299 1 1168329600
38 219 0 1168416000
172 53 1 1168416000
314 142 1 1168416000
537 219 1 1168416000
647 2 1 1168416000
796 102 1 1168416000
804 142 1 1168416000
855 53 1 1168416000
881 382 1 1168416000
882 94 1 1168416000
7 264 0 1168502400
32 142 1 1168502400
32 375 1 1168502400
35 259 1 1168502400
42 433 1 1168502400
438 278 1 1168502400
452 338 1 1168502400
754 219 0 1168502400
868 330 1 1168502400
916 220 1 1168502400
933 259 1 1168502400
987 156 0 1168502400
171 201 0 1168588800
171 413 0 1168588800
430 324 1 1168588800
430 385 1 1168588800
501 340 1 1168588800
782 385 1 1168588800
906 201 0 1168588800
906 413 0 1168588800
925 310 1 1168588800
636 320 1 1168675200
787 427 1 1168675200
428 394 1 1168761600
433 394 1 1168761600
439 259 1 1168761600
491 269 1 1168761600
696 177 1 1168761600
897 217 1 1168761600
6 324 1 1168848000
106 381 1 1168848000
111 385 1 1168848000
130 381 1 1168848000
193 381 1 1168848000
227 313 1 1168848000
237 256 1 1168848000
498 259 1 1168848000
749 259 1 1168848000
862 185 1 1168848000
883 396 1 1168848000
922 314 1 1168848000
17 142 0 1168934400
113 289 1 1168934400
178 313 1 1168934400
438 289 1 1168934400
551 259 1 1168934400
916 355 1 1168934400
14 314 1 1169020800
149 99 1 1169020800
625 99 1 1169020800
976 414 1 1169020800
15 142 1 1169107200
58 345 1 1169107200
146 370 1 1169107200
241 396 0 1169107200
306 256 1 1169107200
360 370 1 1169107200
365 375 1 1169107200
476 337 1 1169107200
478 337 1 1169107200
519 372 1 1169107200
879 256 1 1169107200
999 375 1 1169107200
201 239 1 1169193600
210 328 1 1169193600
235 370 1 1169193600
590 283 1 1169193600
590 355 1 1169193600
603 283 1 1169193600
743 347 1 1169193600
796 283 1 1169193600
330 157 1 1169280000
399 283 1 1169280000
188 333 1 1169366400
211 387 1 1169366400
427 333 1 1169366400
653 381 1 1169366400
932 262 1 1169366400
942 331 1 1169366400
509 344 1 1169452800
603 217 1 1169452800
679 81 1 1169452800
556 82 0 1169625600
616 2 1 1169625600
315 283 1 1169712000
339 393 1 1169712000
351 415 1 1169712000
351 423 1 1169712000
372 289 1 1169712000
850 340 1 1169712000
957 313 1 1169712000
197 423 1 1169798400
203 323 1 1169798400
473 344 1 1169798400
506 80 0 1169798400
606 419 1 1169798400
696 277 1 1169798400
750 142 1 1169798400
900 142 1 1169798400
418 142 1 1169884800
528 172 1 1169971200
744 283 1 1169971200
925 283 1 1169971200
266 142 1 1170057600
355 159 1 1170057600
452 328 0 1170057600
603 302 1 1170057600
609 328 0 1170057600
739 333 1 1170144000
926 447 1 1170144000
994 306 1 1170144000
269 393 1 1170230400
543 448 1 1170230400
113 428 1 1170316800
716 283 1 1170316800
221 337 1 1170403200
554 449 1 1170403200
661 344 1 1170403200
983 324 1 1170403200
29 438 1 1170489600
139 338 1 1170489600
540 283 1 1170489600
920 220 1 1170489600
48 450 0 1170748800
61 81 1 1170748800
110 338 1 1170748800
118 166 0 1170748800
249 81 1 1170748800
377 340 1 1170748800
407 289 1 1170748800
554 338 1 1170748800
599 289 1 1170748800
904 142 0 1170748800
982 340 1 1170748800
342 277 1 1170835200
419 104 1 1170835200
419 309 1 1170835200
913 255 1 1170835200
345 337 1 1170921600
409 143 1 1170921600
664 337 1 1170921600
745 324 1 1170921600
876 379 1 1170921600
882 334 0 1170921600
969 333 1 1171008000
971 83 0 1171008000
20 283 1 1171094400
78 419 1 1171094400
163 455 1 1171094400
303 289 1 1171094400
394 333 1 1171094400
443 376 1 1171094400
494 261 0 1171094400
564 289 1 1171094400
676 261 0 1171094400
480 283 1 1171180800
523 255 1 1171180800
651 364 1 1171180800
121 283 1 1171267200
212 309 1 1171267200
210 361 1 1171353600
222 269 1 1171353600
329 405 1 1171353600
266 274 1 1171440000
283 364 1 1171440000
309 457 1 1171440000
332 230 1 1171440000
155 259 1 1171526400
751 333 1 1171526400
356 324 1 1171612800
388 459 1 1171699200
854 459 1 1171699200
859 387 1 1171785600
318 327 1 1171872000
621 271 1 1171872000
661 295 1 1171872000
733 423 1 1171872000
824 423 1 1171872000
834 293 0 1171872000
554 261 1 1171958400
652 220 1 1171958400
664 220 1 1171958400
871 261 1 1171958400
898 231 1 1171958400
894 142 1 1172044800
45 283 1 1172131200
765 283 1 1172131200
373 2 1 1172217600
345 338 1 1172304000
564 321 1 1172304000
834 185 1 1172304000
251 283 1 1172390400
282 393 1 1172390400
333 321 1 1172390400
427 283 1 1172390400
366 283 1 1172476800
366 283 0 1172476800
530 385 1 1172476800
542 283 0 1172476800
837 385 1 1172476800
269 376 1 1172563200
909 239 0 1172563200
453 314 1 1172649600
568 313 1 1172649600
623 219 1 1172649600
579 277 1 1172822400
108 419 0 1172908800
435 394 1 1172908800
343 467 0 1172995200
138 326 0 1173081600
138 394 0 1173081600
495 326 0 1173081600
495 394 0 1173081600
856 383 1 1173081600
514 217 1 1173168000
520 283 1 1173168000
817 283 1 1173168000
477 313 1 1173254400
566 393 1 1173254400
640 313 1 1173254400
15 455 1 1173340800
95 414 1 1173340800
95 423 1 1173340800
130 227 1 1173340800
136 414 1 1173340800
136 423 1 1173340800
294 375 1 1173340800
337 378 1 1173340800
339 283 1 1173340800
441 259 1 1173340800
505 283 1 1173340800
566 304 1 1173340800
578 370 1 1173340800
612 322 1 1173340800
644 433 0 1173340800
734 469 1 1173340800
742 304 1 1173340800
849 239 1 1173340800
931 355 0 1173340800
948 414 1 1173340800
948 423 1 1173340800
977 296 1 1173340800
183 283 1 1173427200
340 322 1 1173427200
368 445 1 1173427200
901 322 1 1173427200
208 220 1 1173513600
748 375 1 1173513600
96 455 0 1173600000
120 459 1 1173600000
747 104 1 1173600000
182 283 1 1173682800
623 385 1 1173682800
705 421 1 1173682800
850 467 1 1173682800
869 376 1 1173682800
89 385 1 1173769200
161 142 1 1173769200
682 302 1 1173769200
685 385 1 1173769200
739 420 1 1173769200
779 419 1 1173769200
793 474 1 1173769200
142 378 1 1173942000
407 259 1 1173942000
466 259 1 1173942000
636 283 1 1173942000
797 385 1 1173942000
809 378 1 1173942000
4 64 0 1174028400
249 313 1 1174028400
443 475 1 1174028400
518 333 1 1174028400
603 220 1 1174028400
603 303 1 1174028400
765 353 1 1174028400
789 283 1 1174028400
152 81 1 1174114800
792 419 1 1174114800
934 258 1 1174114800
333 283 1 1174201200
364 459 1 1174201200
416 283 1 1174201200
788 324 1 1174201200
830 127 1 1174201200
900 433 1 1174201200
129 449 1 1174287600
227 387 1 1174287600
399 449 1 1174287600
693 271 1 1174287600
713 283 1 1174287600
922 428 0 1174287600
8 310 0 1174374000
260 326 1 1174374000
302 476 1 1174374000
348 269 1 1174374000
412 476 1 1174374000
535 387 1 1174374000
726 83 1 1174374000
544 283 1 1174460400
619 2 1 1174460400
649 414 1 1174460400
807 297 1 1174460400
873 467 1 1174460400
890 478 1 1174460400
12 243 1 1174546800
191 393 1 1174546800
559 330 1 1174546800
670 393 1 1174546800
684 283 1 1174546800
690 243 1 1174546800
872 283 1 1174546800
120 283 1 1174633200
273 283 1 1174633200
617 283 1 1174633200
883 220 1 1174633200
921 283 1 1174633200
75 81 1 1174719600
396 283 1 1174719600
462 81 1 1174719600
617 414 1 1174719600
748 283 1 1174719600
290 283 1 1174806000
349 331 1 1174892400
854 320 0 1174892400
61 372 1 1174978800
249 372 1 1174978800
209 217 1 1175065200
887 310 1 1175065200
58 314 1 1175151600
660 320 1 1175151600
822 283 1 1175151600
857 320 1 1175151600
719 360 1 1175238000
872 314 1 1175238000
130 393 0 1175324400
455 283 1 1175324400
942 393 1 1175324400
753 370 0 1175497200
12 252 0 1175583600
517 376 1 1175583600
85 478 1 1175670000
296 283 1 1175756400
765 79 1 1175756400
793 483 1 1175756400
476 330 1 1175842800
569 430 0 1175842800
802 271 1 1175842800
950 375 1 1175842800
996 77 1 1175842800
368 290 1 1175929200
399 290 1 1175929200
22 470 1 1176015600
1 385 1 1176102000
100 485 1 1176102000
259 283 1 1176102000
297 283 1 1176102000
578 470 0 1176102000
9 2 1 1176188400
124 328 1 1176188400
149 372 0 1176188400
340 328 1 1176188400
390 486 1 1176188400
519 174 1 1176188400
618 174 1 1176188400
625 372 0 1176188400
722 376 1 1176188400
880 372 1 1176188400
451 459 1 1176274800
618 296 1 1176274800
634 296 1 1176274800
732 459 1 1176274800
819 296 1 1176274800
44 220 1 1176361200
549 352 1 1176361200
849 457 1 1176361200
216 39 1 1176534000
379 314 1 1176534000
927 283 1 1176534000
654 381 0 1176620400
274 465 1 1176706800
302 259 1 1176706800
412 259 1 1176706800
579 457 1 1176706800
80 201 0 1176793200
768 229 1 1176793200
160 239 1 1176879600
388 216 1 1176879600
426 387 1 1176879600
460 387 1 1176879600
980 216 1 1176879600
893 457 1 1176966000
997 127 0 1176966000
646 142 1 1177052400
111 145 1 1177138800
374 483 1 1177138800
658 483 1 1177138800
890 490 0 1177138800
405 385 1 1177225200
952 483 1 1177225200
727 283 1 1177311600
600 121 1 1177398000
501 298 1 1177484400
571 385 1 1177484400
747 338 1 1177484400
817 427 1 1177484400
46 93 1 1177570800
195 370 0 1177570800
243 346 0 1177570800
853 396 1 1177570800
347 365 1 1177657200
692 288 0 1177657200
717 288 0 1177657200
247 492 1 1177916400
783 492 1 1177916400
227 252 1 1178002800
271 370 1 1178002800
372 370 1 1178002800
459 156 1 1178002800
853 339 1 1178002800
853 358 1 1178002800
853 494 1 1178002800
853 495 1 1178002800
220 493 1 1178089200
429 493 1 1178089200
965 457 1 1178089200
137 465 1 1178175600
108 283 1 1178262000
106 455 1 1178348400
129 283 1 1178348400
405 469 0 1178348400
902 261 1 1178348400
192 2 1 1178434800
203 385 1 1178434800
379 366 1 1178434800
455 83 1 1178434800
456 283 1 1178434800
578 337 1 1178434800
738 283 1 1178434800
18 243 1 1178521200
67 297 1 1178521200
168 457 1 1178521200
338 283 1 1178521200
443 261 0 1178521200
460 499 1 1178521200
557 445 1 1178521200
603 499 1 1178521200
611 481 1 1178521200
645 243 1 1178521200
918 220 1 1178521200
274 500 1 1178607600
275 157 0 1178607600
303 157 0 1178607600
712 376 1 1178607600
789 419 1 1178607600
877 274 1 1178607600
39 283 1 1178694000
236 368 1 1178694000
434 393 1 1178694000
589 220 1 1178694000
589 314 1 1178694000
676 374 1 1178694000
844 289 1 1178694000
974 370 1 1178694000
53 376 1 1178866800
129 259 1 1178866800
363 370 1 1178866800
25 104 1 1178953200
59 271 1 1178953200
126 337 1 1178953200
156 385 1 1178953200
260 385 1 1178953200
261 220 1 1178953200
283 262 1 1178953200
328 2 1 1178953200
394 182 1 1178953200
500 283 1 1178953200
535 385 1 1178953200
556 271 1 1178953200
584 393 1 1178953200
638 299 1 1178953200
687 121 0 1178953200
762 302 1 1178953200
780 428 1 1178953200
858 261 1 1178953200
861 405 1 1178953200
79 374 1 1179039600
95 333 1 1179039600
181 159 1 1179039600
246 506 0 1179039600
491 340 1 1179039600
564 283 1 1179039600
604 159 1 1179039600
810 283 1 1179039600
930 258 1 1179039600
140 376 1 1179126000
276 481 1 1179126000
298 387 1 1179126000
43 316 1 1179212400
82 161 0 1179212400
473 283 1 1179212400
478 381 1 1179212400
723 393 1 1179212400
893 465 1 1179212400
858 464 1 1179298800
359 508 1 1179385200
734 296 1 1179385200
784 296 1 1179385200
879 296 1 1179385200
912 397 1 1179385200
979 302 1 1179385200
980 283 1 1179385200
165 481 1 1179471600
297 481 1 1179471600
447 481 1 1179471600
464 481 1 1179471600
637 283 1 1179471600
772 330 1 1179471600
954 330 1 1179471600
48 441 1 1179558000
403 337 0 1179558000
546 510 1 1179558000
671 445 1 1179558000
752 242 1 1179644400
203 283 1 1179730800
231 283 1 1179730800
429 154 0 1179730800
721 158 1 1179730800
319 328 1 1179817200
334 465 1 1179903600
430 283 1 1179903600
628 302 1 1179903600
630 393 1 1179903600
876 143 0 1179990000
268 438 1 1180076400
602 476 1 1180076400
572 259 1 1180162800
198 484 1 1180249200
247 484 1 1180249200
986 404 1 1180249200
71 255 1 1180335600
132 512 1 1180335600
251 485 1 1180335600
676 255 1 1180335600
998 259 1 1180335600
20 485 1 1180422000
64 254 1 1180422000
64 372 1 1180422000
758 504 1 1180422000
724 370 1 1180508400
804 513 1 1180594800
19 393 0 1180681200
164 514 1 1180681200
300 457 1 1180681200
529 283 1 1180681200
617 296 1 1180681200
818 296 1 1180681200
300 493 1 1180767600
878 465 0 1180854000
478 494 1 1180940400
864 283 1 1180940400
213 385 1 1181026800
697 515 1 1181026800
207 370 1 1181113200
547 372 1 1181113200
919 283 1 1181113200
989 370 1 1181113200
61 283 1 1181199600
87 255 1 1181199600
241 519 1 1181199600
631 2 1 1181199600
656 313 1 1181199600
800 271 1 1181199600
825 341 1 1181199600
861 283 1 1181199600
910 283 1 1181199600
913 520 1 1181199600
919 465 1 1181199600
191 283 1 1181286000
537 372 1 1181286000
559 504 1 1181286000
659 372 1 1181286000
866 302 1 1181286000
948 146 1 1181286000
151 375 1 1181372400
314 283 1 1181372400
546 523 1 1181372400
58 333 1 1181458800
654 302 1 1181458800
798 283 1 1181458800
93 348 1 1181545200
401 283 1 1181545200
616 283 1 1181545200
620 259 1 1181545200
622 283 1 1181545200
778 259 1 1181545200
908 348 1 1181545200
7 337 0 1181631600
16 433 1 1181631600
350 337 0 1181631600
464 142 1 1181631600
728 220 1 1181631600
912 104 1 1181631600
389 228 1 1181718000
554 372 1 1181718000
609 527 1 1181718000
620 421 1 1181718000
871 372 1 1181718000
967 393 1 1181718000
598 81 1 1181804400
912 77 1 1181804400
720 92 1 1181890800
360 283 1 1181977200
805 459 1 1181977200
972 459 1 1181977200
30 219 1 1182063600
138 217 1 1182150000
774 337 1 1182150000
849 217 1 1182150000
89 283 1 1182236400
98 419 1 1182322800
539 43 1 1182322800
672 43 1 1182322800
740 348 0 1182322800
814 43 1 1182322800
245 313 0 1182409200
837 283 1 1182495600
843 289 1 1182495600
342 387 1 1182582000
698 445 1 1182668400
335 492 1 1182754800
401 296 1 1182754800
540 492 1 1182754800
887 296 1 1182754800
163 283 1 1182841200
213 283 1 1182841200
239 324 1 1182841200
287 283 1 1182841200
689 283 1 1182841200
740 492 1 1182841200
750 220 1 1182841200
847 283 0 1182841200
881 324 1 1182841200
944 283 1 1182841200
14 283 1 1182927600
70 283 1 1182927600
625 296 1 1182927600
757 449 1 1182927600
796 493 1 1182927600
802 283 1 1182927600
236 476 1 1183014000
309 79 1 1183014000
231 533 1 1183100400
677 438 1 1183100400
88 529 1 1183186800
203 491 0 1183186800
243 457 1 1183273200
331 457 1 1183273200
699 287 1 1183273200
530 220 1 1183359600
562 283 1 1183359600
584 493 1 1183359600
670 493 1 1183359600
714 324 1 1183359600
134 220 1 1183446000
429 387 1 1183446000
581 374 1 1183446000
952 354 1 1183446000
308 372 1 1183532400
417 457 0 1183532400
474 536 1 1183532400
578 465 1 1183532400
788 457 0 1183532400
915 283 1 1183532400
77 395 1 1183618800
192 283 1 1183618800
369 515 1 1183618800
730 537 1 1183618800
838 81 1 1183618800
350 381 0 1183705200
875 464 1 1183705200
937 464 1 1183705200
956 371 1 1183705200
62 283 1 1183791600
112 95 1 1183791600
609 423 1 1183791600
808 95 1 1183791600
296 142 1 1183878000
756 283 1 1183878000
778 142 1 1183878000
933 517 1 1183878000
334 539 1 1183964400
358 231 0 1183964400
422 538 1 1183964400
93 207 1 1184050800
359 207 1 1184050800
500 522 1 1184050800
53 283 1 1184137200
160 515 1 1184137200
426 515 1 1184137200
538 515 1 1184137200
719 515 1 1184137200
280 283 1 1184223600
673 407 1 1184223600
891 142 0 1184223600
896 445 1 1184223600
959 445 1 1184223600
19 307 1 1184310000
275 283 1 1184310000
383 370 1 1184310000
773 283 1 1184310000
782 283 1 1184310000
790 333 1 1184310000
791 435 0 1184310000
920 370 1 1184310000
967 491 1 1184310000
121 220 1 1184396400
536 283 1 1184396400
47 485 1 1184482800
408 179 1 1184482800
703 283 1 1184482800
761 283 1 1184482800
839 79 0 1184482800
901 283 1 1184482800
43 415 1 1184569200
102 484 1 1184569200
497 111 1 1184569200
817 511 1 1184569200
973 283 1 1184569200
175 387 1 1184742000
329 283 1 1184742000
430 142 1 1184742000
551 283 1 1184742000
661 494 1 1184742000
865 283 1 1184742000
143 296 1 1184828400
987 296 1 1184828400
90 283 1 1184914800
496 176 1 1184914800
639 283 1 1184914800
905 381 1 1184914800
981 382 0 1184914800
232 283 1 1185001200
539 283 1 1185001200
565 283 1 1185001200
599 81 1 1185001200
736 283 1 1185001200
120 522 1 1185087600
164 283 1 1185087600
429 485 1 1185087600
673 476 1 1185087600
103 476 1 1185174000
211 445 1 1185174000
512 142 1 1185174000
512 142 0 1185174000
262 2 1 1185260400
310 485 1 1185260400
656 387 1 1185260400
712 381 1 1185260400
746 470 1 1185260400
133 393 1 1185346800
761 354 1 1185346800
896 283 1 1185346800
255 301 1 1185433200
724 269 1 1185433200
856 269 1 1185433200
32 385 1 1185519600
150 433 0 1185519600
269 83 1 1185519600
361 426 1 1185519600
449 385 1 1185519600
449 310 1 1185519600
655 337 1 1185519600
919 426 1 1185519600
433 220 1 1185606000
501 522 1 1185606000
791 504 1 1185606000
907 273 1 1185606000
934 283 1 1185606000
492 505 1 1185692400
949 283 1 1185692400
29 376 1 1185865200
932 376 1 1185865200
413 117 1 1185951600
871 495 1 1185951600
933 366 1 1186038000
7 338 1 1186124400
63 551 1 1186124400
155 296 1 1186124400
253 522 0 1186124400
559 543 1 1186124400
588 485 1 1186124400
891 413 1 1186124400
226 283 1 1186297200
251 491 1 1186297200
319 409 1 1186297200
425 522 1 1186297200
449 409 1 1186297200
503 409 1 1186297200
539 392 0 1186297200
672 392 0 1186297200
771 522 1 1186297200
814 392 0 1186297200
301 504 1 1186383600
31 549 1 1186470000
310 340 1 1186470000
369 97 0 1186470000
401 340 1 1186470000
419 283 1 1186470000
769 283 1 1186470000
973 549 1 1186470000
57 302 1 1186556400
438 2 1 1186556400
615 346 1 1186556400
671 283 1 1186556400
215 283 1 1186642800
676 522 1 1186642800
929 381 1 1186642800
996 485 1 1186642800
128 283 1 1186729200
629 283 1 1186729200
854 491 0 1186729200
913 142 1 1186729200
913 142 0 1186729200
998 283 1 1186729200
998 302 1 1186729200
75 259 1 1186815600
276 348 1 1186815600
480 419 1 1186815600
665 464 1 1186815600
974 307 1 1186902000
49 283 1 1186988400
162 283 1 1186988400
185 2 1 1186988400
437 365 1 1186988400
459 283 1 1186988400
470 365 1 1186988400
813 467 0 1186988400
371 310 1 1187074800
686 476 1 1187074800
120 269 1 1187161200
153 269 1 1187161200
376 391 0 1187161200
105 555 1 1187247600
744 556 1 1187247600
929 516 1 1187247600
257 497 1 1187334000
509 360 1 1187334000
876 322 1 1187334000
36 283 1 1187506800
152 476 1 1187506800
91 235 1 1187593200
258 485 1 1187679600
752 220 1 1187679600
851 322 1 1187679600
239 537 0 1187766000
710 537 0 1187766000
145 80 1 1187852400
164 515 1 1187852400
230 511 1 1187852400
487 296 1 1187852400
518 283 1 1187852400
541 283 1 1187852400
553 485 1 1187852400
627 283 1 1187852400
638 283 1 1187852400
689 381 1 1187852400
693 518 1 1187852400
848 283 1 1187852400
902 283 1 1187852400
943 457 1 1187852400
224 219 1 1187938800
224 219 0 1187938800
239 481 0 1187938800
340 459 1 1187938800
471 337 1 1187938800
710 481 0 1187938800
866 259 0 1187938800
993 17 1 1187938800
150 385 1 1188025200
588 517 1 1188025200
2 283 1 1188111600
609 485 1 1188111600
137 283 1 1188198000
185 263 1 1188198000
345 283 1 1188198000
734 321 1 1188198000
784 321 1 1188198000
879 321 1 1188198000
967 283 1 1188198000
83 508 0 1188284400
129 514 1 1188284400
153 283 1 1188284400
607 185 1 1188284400
703 514 1 1188284400
801 538 1 1188284400
887 289 1 1188284400
159 492 1 1188370800
502 220 1 1188370800
558 190 1 1188370800
632 492 1 1188370800
662 179 1 1188370800
758 380 1 1188370800
827 327 1 1188370800
183 485 1 1188457200
560 154 1 1188457200
122 537 1 1188543600
261 283 1 1188543600
318 283 1 1188543600
597 289 1 1188543600
969 476 0 1188543600
985 283 1 1188543600
43 485 1 1188630000
51 404 1 1188630000
144 404 1 1188630000
152 121 1 1188630000
152 121 0 1188630000
376 259 1 1188630000
424 482 1 1188630000
581 326 1 1188630000
790 255 1 1188630000
800 121 1 1188630000
769 338 1 1188716400
980 391 1 1188716400
662 457 1 1188802800
955 432 1 1188802800
142 511 1 1188889200
234 233 0 1188889200
692 569 1 1188889200
787 482 1 1188889200
809 511 1 1188889200
852 522 1 1188889200
107 283 1 1188975600
462 380 1 1188975600
487 283 1 1188975600
621 433 1 1188975600
626 380 1 1188975600
866 382 1 1188975600
31 276 0 1189062000
172 559 1 1189062000
214 570 1 1189062000
238 328 1 1189062000
631 267 1 1189062000
773 445 1 1189062000
145 283 1 1189148400
847 267 1 1189148400
82 283 1 1189234800
337 515 1 1189234800
450 564 1 1189234800
772 450 0 1189234800
780 283 1 1189234800
73 457 1 1189321200
205 485 1 1189321200
232 530 1 1189321200
433 283 1 1189321200
594 485 1 1189321200
701 234 1 1189321200
772 530 1 1189321200
876 512 1 1189321200
951 234 1 1189321200
43 283 1 1189407600
147 511 1 1189407600
483 519 1 1189407600
46 550 0 1189494000
184 157 0 1189494000
524 549 1 1189494000
779 205 1 1189494000
800 476 1 1189494000
123 522 1 1189580400
469 517 1 1189580400
475 522 1 1189580400
516 121 1 1189580400
730 522 1 1189580400
679 464 1 1189666800
68 344 0 1189753200
353 378 1 1189753200
390 391 0 1189753200
390 405 0 1189753200
502 283 1 1189753200
561 283 1 1189753200
594 511 1 1189753200
608 344 0 1189753200
726 391 0 1189753200
726 405 0 1189753200
962 283 1 1189839600
101 283 1 1189926000
178 569 1 1189926000
344 258 1 1189926000
668 569 1 1189926000
889 549 1 1189926000
526 537 1 1190012400
777 163 1 1190012400
864 302 1 1190012400
143 485 0 1190098800
776 522 1 1190098800
325 220 1 1190185200
354 574 1 1190185200
798 457 0 1190185200
168 296 1 1190271600
209 504 1 1190271600
263 239 1 1190271600
344 289 1 1190271600
495 485 1 1190271600
6 485 1 1190358000
177 485 0 1190358000
830 283 1 1190358000
851 485 0 1190358000
982 283 1 1190358000
65 283 1 1190444400
66 511 1 1190444400
342 283 1 1190444400
362 578 1 1190444400
410 501 1 1190444400
410 537 1 1190444400
446 121 1 1190444400
881 24 1 1190444400
17 145 1 1190530800
595 337 1 1190530800
352 283 1 1190617200
394 289 1 1190617200
125 333 1 1190703600
174 283 1 1190703600
200 582 0 1190703600
24 517 1 1190790000
52 340 1 1190790000
104 206 1 1190790000
143 430 1 1190790000
292 457 1 1190790000
446 457 1 1190790000
625 283 1 1190790000
344 569 1 1190876400
652 283 1 1190876400
937 578 1 1190876400
147 142 1 1190962800
691 283 1 1190962800
895 283 1 1190962800
94 485 0 1191049200
125 296 1 1191049200
373 485 0 1191049200
81 430 1 1191135600
397 430 1 1191135600
516 589 1 1191135600
12 419 1 1191222000
433 485 1 1191222000
592 435 0 1191222000
674 283 1 1191222000
983 537 1 1191222000
87 464 0 1191308400
91 80 1 1191308400
327 449 1 1191308400
533 279 1 1191308400
558 517 1 1191308400
786 333 1 1191308400
908 414 1 1191308400
968 414 1 1191308400
613 371 1 1191394800
192 515 1 1191481200
454 340 1 1191481200
521 537 1 1191481200
657 310 1 1191481200
680 310 1 1191481200
796 457 1 1191481200
899 515 1 1191481200
189 522 1 1191567600
398 485 1 1191567600
467 590 1 1191567600
596 515 1 1191567600
756 515 1 1191567600
791 283 1 1191567600
978 486 1 1191567600
24 340 1 1191654000
128 235 0 1191654000
220 235 0 1191654000
254 283 1 1191654000
591 569 1 1191654000
635 283 1 1191654000
137 298 1 1191740400
514 554 1 1191740400
121 457 1 1191826800
602 283 1 1191826800
728 537 1 1191826800
109 481 1 1191913200
321 258 1 1191913200
592 476 1 1191913200
17 220 1 1191999600
72 111 1 1191999600
73 111 1 1191999600
127 515 1 1191999600
281 283 1 1191999600
291 154 1 1191999600
349 369 1 1191999600
513 269 1 1191999600
398 569 1 1192086000
731 350 1 1192172400
787 569 1 1192172400
163 511 1 1192258800
278 283 1 1192258800
562 220 1 1192258800
877 283 1 1192258800
420 536 0 1192345200
513 530 1 1192345200
809 121 1 1192345200
870 476 1 1192345200
707 543 1 1192431600
138 296 0 1192518000
173 457 1 1192518000
575 142 1 1192518000
816 142 1 1192518000
5 283 1 1192604400
205 594 1 1192604400
248 356 1 1192604400
346 390 1 1192604400
447 80 0 1192604400
461 356 1 1192604400
405 282 1 1192690800
888 283 1 1192690800
35 596 1 1192777200
277 167 1 1192777200
353 337 1 1192777200
364 511 1 1192777200
994 283 1 1192777200
597 381 1 1192863600
51 511 1 1192950000
78 283 1 1192950000
612 511 1 1192950000
668 564 0 1192950000
801 511 1 1192950000
5 569 1 1193036400
466 220 1 1193036400
595 445 1 1193122800
189 597 1 1193209200
316 445 1 1193209200
659 283 1 1193209200
851 597 1 1193209200
856 569 1 1193209200
856 569 0 1193209200
504 569 1 1193295600
812 481 0 1193295600
966 459 1 1193295600
179 457 1 1193382000
278 338 1 1193382000
511 121 1 1193382000
752 569 1 1193382000
877 338 1 1193382000
263 283 1 1193468400
288 387 1 1193468400
403 220 1 1193468400
152 283 1 1193554800
355 289 1 1193554800
374 467 0 1193554800
664 550 1 1193554800
682 289 1 1193554800
819 154 1 1193554800
454 283 1 1193641200
547 283 1 1193641200
32 485 1 1193727600
106 391 0 1193727600
507 2 1 1193727600
648 283 1 1193727600
755 419 1 1193727600
768 485 0 1193727600
781 485 0 1193727600
79 289 1 1193814000
384 571 1 1193814000
477 374 1 1193814000
520 374 1 1193814000
548 417 1 1193814000
673 569 1 1193814000
678 333 1 1193814000
759 603 1 1193814000
798 2 1 1193814000
886 271 1 1193986800
952 283 1 1193986800
27 340 1 1194073200
813 121 0 1194073200
109 220 1 1194159600
128 537 0 1194159600
164 470 1 1194159600
166 283 1 1194159600
322 283 1 1194159600
570 537 0 1194159600
