4202 148 1 1123916400
4515 117 1 1127199600
5313 231 0 1137484800
8025 314 1 1168329600
1014 74 1 1038297600
2254 63 1 1084863600
3300 167 1 1107936000
4763 171 1 1129964400
2435 160 1 1090306800
9476 370 0 1175497200
6809 227 1 1157266800
7016 372 1 1161846000
4433 231 1 1126335600
12673 283 1 1192604400
12776 569 1 1193036400
2481 81 1 1091170800
2481 121 1 1091170800
4684 143 1 1129014000
11753 337 1 1187938800
5765 261 1 1142064000
5765 264 1 1142064000
6625 220 1 1154674800
9684 457 1 1176966000
10133 465 1 1179212400
200 10 1 975225600
1277 74 1 1048316400
1277 75 1 1051599600
1277 88 1 1052809200
1277 98 1 1054537200
1277 109 1 1070870400
1277 121 1 1164614400
1277 143 1 1085122800
1277 174 1 1095577200
1277 196 1 1101196800
1277 201 1 1102060800
1277 220 1 1110870000
1277 234 1 1117177200
1277 235 1 1134720000
1277 253 1 1122015600
5360 254 1 1138262400
7779 297 1 1167811200
620 49 1 1009699200
2838 93 1 1100851200
2838 184 1 1108713600
4461 265 1 1126508400
8072 127 1 1168329600
5242 146 1 1136620800
5498 255 1 1139990400
12371 283 1 1190962800
619 52 1 1009699200
1156 81 1 1043740800
1156 83 1 1049353200
1156 99 1 1072684800
1156 103 1 1072339200
10172 283 1 1179471600
3563 198 1 1113202800
9389 331 1 1174892400
12573 369 1 1191999600
275 23 1 984211200
2185 32 1 1082703600
3029 140 1 1103961600
9783 370 1 1178002800
5508 127 1 1140076800
5675 255 1 1141286400
7760 17 1 1167811200
8492 283 1 1169712000
2365 106 1 1088233200
8315 99 1 1169020800
8315 372 0 1176188400
369 1 1 992242800
6989 24 1 1161154800
8793 457 1 1171440000
10800 79 1 1183014000
1535 107 1 1060326000
1535 220 1 1156748400
1535 269 1 1166083200
6827 251 0 1157698800
7176 142 1 1163059200
9056 296 1 1173340800
3093 175 0 1104480000
9600 296 1 1176274800
12894 154 1 1193554800
183 13 1 972802800
1769 86 1 1070438400
9899 376 1 1178607600
11236 381 1 1185260400
1991 29 1 1076054400
3188 143 1 1105776000
7131 386 0 1162800000
7503 396 1 1166169600
2559 163 1 1093244400
4214 212 1 1124002800
9349 283 1 1174633200
2118 139 1 1080457200
3681 212 1 1115449200
7748 220 1 1167724800
11821 508 0 1188284400
2073 104 0 1078819200
4138 249 1 1123311600
5300 261 1 1137312000
9225 64 0 1174028400
799 12 1 1021791600
2898 146 1 1101888000
2386 139 1 1088751600
3987 80 1 1121324400
5098 263 1 1135238400
12086 517 1 1189580400
2174 120 1 1082444400
8471 82 0 1169625600
9994 271 1 1178953200
7286 220 1 1164009600
12123 378 1 1189753200
12716 337 1 1192777200
156 0 1 965113200
2153 121 0 1081407600
6263 82 0 1149663600
12071 157 0 1189494000
830 62 1 1024210800
3370 86 0 1109491200
4475 219 1 1126681200
7981 372 1 1168329600
9743 370 0 1177570800
2410 139 1 1090134000
2410 143 1 1089442800
9217 333 1 1174028400
11719 283 1 1187852400
3017 63 0 1103788800
5557 217 1 1140595200
1137 81 1 1043136000
2826 102 1 1100505600
5985 238 1 1144393200
9751 288 0 1177657200
105 0 1 958374000
1312 56 1 1050217200
1312 86 1 1050217200
1312 89 1 1052031600
1312 93 1 1050217200
1312 94 1 1052031600
1312 95 1 1051426800
1312 250 1 1134547200
1312 273 1 1135152000
2934 116 0 1102492800
2480 142 0 1091084400
10608 393 1 1181718000
11038 491 1 1184310000
11803 283 1 1188198000
18 0 0 941871600
6803 238 1 1157180400
7642 372 1 1167120000
13009 283 1 1194159600
5375 234 0 1138435200
5617 217 1 1140854400
11955 283 1 1188975600
7391 214 1 1165132800
8002 313 0 1168329600
11514 381 1 1186642800
11610 516 1 1187247600
10668 348 0 1182322800
10737 492 1 1182841200
514 36 1 1005984000
5076 259 1 1135065600
5231 84 0 1136448000
6378 226 0 1151737200
7330 396 1 1164441600
3054 162 1 1104134400
5241 124 1 1136620800
7756 372 1 1167811200
10920 371 1 1183705200
6091 217 1 1146466800
6738 262 1 1156402800
6942 373 0 1160204400
9013 283 1 1173168000
12945 374 1 1193814000
4483 219 1 1126767600
9506 283 1 1175670000
2708 153 1 1096959600
5027 201 1 1134460800
7371 396 1 1164873600
12457 333 1 1191308400
732 1 1 1016089200
3586 179 1 1113634800
11833 492 1 1188370800
7526 104 1 1166428800
10383 393 0 1180681200
11033 307 1 1184310000
3148 146 1 1105171200
3369 132 1 1109404800
7214 121 1 1163145600
5208 296 1 1136188800
7666 178 0 1167206400
7702 304 1 1167379200
12120 344 0 1189753200
3095 153 1 1104480000
8094 220 1 1168329600
9510 283 1 1175756400
10941 142 1 1183878000
3895 81 1 1119942000
3895 142 1 1119942000
1255 63 1 1047452400
2191 39 1 1082962800
2191 457 1 1183273200
4781 123 0 1130223600
5497 255 1 1139990400
5425 116 1 1138867200
6185 255 1 1148194800
10575 220 1 1181631600
12534 537 1 1191826800
6658 316 1 1155193200
7013 295 1 1161846000
7862 423 1 1167984000
3307 206 1 1108022400
2344 148 1 1090652400
2344 153 1 1087542000
2344 175 1 1098946800
3865 17 1 1119337200
5618 142 1 1140854400
1738 83 0 1069142400
4647 152 1 1128668400
4647 177 1 1128668400
6038 289 1 1145516400
10078 258 1 1179039600
618 25 1 1009699200
4474 265 1 1126681200
474 16 1 1000969200
474 339 1 1151046000
4609 142 1 1128236400
6956 142 1 1160636400
1025 73 1 1038729600
4903 234 1 1132646400
6918 313 1 1159686000
717 40 1 1014192000
717 49 1 1021014000
717 103 1 1067410800
717 142 1 1107936000
1756 83 0 1069833600
3678 190 1 1115449200
3678 603 1 1193814000
8716 333 1 1171094400
9967 182 1 1178953200
12304 289 1 1190617200
4282 145 1 1124780400
8014 259 1 1168329600
10727 283 1 1182841200
11742 381 1 1187852400
1965 51 1 1075276800
2237 149 1 1084258800
3939 243 1 1120633200
3939 430 1 1191135600
1052 73 1 1039680000
472 44 1 1000882800
3516 219 1 1112166000
6858 340 1 1158476400
12814 445 1 1193209200
1410 91 1 1055142000
1421 39 1 1055487600
1483 102 1 1058338800
6096 259 1 1146639600
7444 282 1 1165651200
8021 304 1 1168329600
10825 529 1 1183186800
370 30 1 992502000
8394 347 1 1169193600
4587 218 1 1127977200
4587 259 1 1128841200
5593 235 1 1140768000
6208 220 1 1148626800
6600 262 1 1154415600
112 0 1 959065200
5210 2 1 1136188800
229 19 1 978163200
537 46 1 1006934400
2495 163 1 1092034800
2495 167 1 1091343600
3621 175 1 1114412400
4018 250 1 1121929200
12707 283 1 1192690800
3487 198 0 1111561200
7641 409 0 1167120000
63 0 1 950515200
63 99 1 1075881600
3270 158 1 1107158400
1736 39 1 1069056000
3736 86 1 1116572400
5626 311 1 1140940800
439 37 1 997858800
439 220 1 1117954800
1253 86 1 1047366000
3433 219 1 1110870000
5656 217 1 1141113600
1214 63 1 1045728000
2228 110 1 1084086000
5343 240 1 1138003200
6665 317 1 1155193200
11076 485 1 1184482800
3262 17 1 1106985600
3262 160 0 1106985600
5853 252 1 1142665200
10866 374 1 1183446000
11883 326 1 1188630000
728 57 1 1015830000
1252 58 1 1047366000
6757 212 1 1156575600
9881 481 1 1178521200
1499 73 1 1066374000
1499 86 1 1063695600
1499 89 1 1059030000
1499 93 1 1062486000
1499 103 1 1065078000
1499 115 1 1067238000
2923 145 1 1102320000
3610 157 0 1114066800
9781 156 1 1178002800
11579 283 1 1186988400
1035 13 1 1039075200
10892 395 1 1183618800
158 3 1 965458800
158 14 1 972716400
158 16 1 990255600
158 24 1 988959600
158 40 1 1012032000
158 46 1 1007971200
158 63 1 1026716400
158 73 1 1068796800
158 94 1 1081839600
158 103 1 1064818800
158 142 1 1120374000
158 143 1 1120806000
729 57 1 1015830000
9635 283 1 1176534000
2678 145 1 1096182000
4993 179 1 1133942400
6266 273 1 1149663600
9037 355 0 1173340800
1893 119 1 1073030400
3819 214 1 1118386800
3958 112 0 1120892400
5024 209 1 1134460800
8975 314 1 1172649600
4321 220 1 1125298800
4979 189 0 1133769600
8721 376 1 1171094400
9223 475 1 1174028400
9880 261 0 1178521200
71 0 1 952848000
2810 48 0 1100073600
2226 148 1 1083999600
2238 146 1 1084345200
7078 219 1 1162537200
8431 262 1 1169366400
11350 376 1 1185865200
8228 427 1 1168675200
11941 482 1 1188889200
12593 569 1 1192172400
4011 143 1 1121842800
4011 189 1 1121842800
7172 167 1 1163059200
7877 393 1 1168070400
913 69 1 1030690800
3173 143 0 1105603200
5314 224 1 1137571200
2599 157 0 1094367600
2983 145 1 1103184000
8584 283 1 1170316800
4931 237 1 1133078400
7123 333 1 1162710000
7333 261 1 1164441600
10914 464 1 1183705200
4342 217 1 1125471600
5694 234 1 1141459200
9744 339 1 1178002800
9744 358 1 1178002800
9744 396 1 1177570800
9744 494 1 1178002800
9744 495 1 1178002800
6932 121 1 1159945200
9992 261 1 1178953200
10152 464 1 1179298800
8010 267 1 1168329600
8382 283 1 1169193600
8382 355 1 1169193600
5495 252 1 1139904000
914 37 1 1030863600
2384 92 1 1088665200
7077 313 1 1162537200
7660 372 1 1167206400
9696 142 1 1177052400
2962 98 1 1102924800
2966 80 0 1103011200
2966 81 0 1103011200
2966 142 0 1103011200
6731 357 1 1156316400
2061 103 1 1078473600
4209 239 1 1123916400
10645 337 1 1182150000
1693 94 1 1067065200
4232 240 1 1124175600
1637 53 1 1168416000
1637 105 1 1064559600
11975 559 1 1189062000
1514 73 1 1071388800
1514 74 1 1059807600
1514 86 1 1072512000
2109 139 1 1080025200
6840 140 0 1157958000
7854 176 1 1167984000
10881 372 1 1183532400
827 49 1 1024124400
3784 239 1 1117695600
9617 220 1 1176361200
2865 143 1 1106726400
2865 172 1 1101715200
2865 197 0 1101369600
2865 313 1 1141286400
2865 537 0 1194159600
6662 218 0 1155193200
11531 283 1 1186729200
12515 235 0 1191654000
1458 63 1 1057388400
958 49 1 1034233200
5941 314 1 1143529200
7669 267 1 1167206400
12622 536 0 1192345200
1576 81 1 1062140400
1576 83 1 1072252800
3384 142 1 1109836800
8735 261 0 1171094400
1152 69 1 1043654400
2116 116 1 1080370800
5148 228 1 1135756800
5974 242 0 1144306800
8281 259 1 1168848000
2944 64 1 1102665600
2944 113 1 1102665600
2944 127 1 1102665600
2944 130 1 1102665600
2944 205 1 1102665600
4093 239 1 1122879600
2552 147 1 1092985200
11857 154 1 1188457200
4115 143 1 1123052400
12928 283 1 1193727600
3042 166 0 1155711600
3042 175 1 1104134400
3042 333 1 1168329600
4779 166 1 1130137200
12577 515 1 1191999600
6301 298 1 1150268400
7884 324 1 1168070400
1189 81 1 1044691200
1189 146 1 1127286000
1584 73 1 1062486000
3795 104 1 1117868400
1171 75 1 1044172800
6852 326 1 1158303600
10481 341 1 1181199600
8259 381 1 1168848000
9820 455 1 1178348400
12908 391 0 1193727600
861 61 1 1026457200
4409 133 1 1126162800
4528 80 1 1127286000
9950 370 1 1178866800
3809 191 1 1118127600
11674 485 1 1187679600
1543 80 1 1060671600
1543 81 1 1060671600
10123 161 0 1179212400
12002 283 1 1189234800
1406 80 1 1054882800
3564 184 1 1113202800
4203 172 1 1123916400
4203 239 1 1147244400
4913 271 1 1132732800
6449 217 1 1152342000
1559 95 1 1061276400
2967 153 1 1103011200
3129 172 1 1104912000
8797 364 1 1171440000
9991 262 1 1178953200
2566 2 1 1093417200
2566 180 1 1107244800
9560 419 0 1176102000
219 1 1 976953600
12113 283 1 1189753200
923 49 1 1031554800
2836 146 1 1100764800
4861 143 0 1131868800
6402 335 1 1151996400
11276 301 1 1185433200
871 40 1 1027234800
871 340 1 1162537200
5202 262 1 1136102400
9014 283 1 1173168000
9014 427 1 1177484400
11087 511 1 1184569200
4525 265 0 1127286000
6771 161 1 1156748400
12506 485 1 1191567600
12578 569 1 1192086000
2579 95 1 1093676400
8242 259 1 1168761600
2464 143 1 1090825200
6902 266 0 1159340400
8000 395 1 1168329600
12152 283 1 1189926000
8178 219 0 1168502400
327 3 0 988786800
1058 3 1 1039939200
3593 220 1 1113807600
3593 564 1 1189234800
4482 179 1 1126767600
4614 259 1 1128236400
5955 145 1 1143788400
5955 372 1 1181113200
12903 283 1 1193641200
1209 81 1 1045728000
1869 122 0 1072684800
6357 159 1 1151305200
1394 81 1 1054191600
1394 82 0 1098342000
7023 326 1 1162018800
7570 375 1 1166688000
9021 313 1 1173254400
1045 59 1 1039420800
1788 119 1 1070784000
1788 153 1 1088924400
4182 83 1 1123657200
9026 393 1 1173254400
9050 304 1 1173340800
1732 3 1 1071907200
1732 80 1 1081148400
1732 81 1 1070611200
1732 119 1 1068796800
1732 151 1 1091689200
9161 421 1 1173682800
9049 414 1 1173340800
9049 423 1 1173340800
10056 333 1 1179039600
4262 148 1 1124434800
2978 178 1 1103184000
8998 419 0 1172908800
9799 283 1 1178262000
1745 83 1 1069315200
1745 145 1 1098342000
7028 330 0 1162105200
7661 412 1 1167206400
11091 484 1 1184569200
1944 86 1 1074585600
2504 157 1 1091602800
9942 368 1 1178694000
10802 476 1 1183014000
12168 537 1 1190012400
3317 167 1 1108368000
3596 179 1 1113807600
3596 219 1 1113807600
11530 283 1 1186729200
2003 81 1 1076400000
2003 83 1 1076400000
3335 104 1 1108627200
3335 259 1 1136275200
6175 240 1 1148022000
2522 148 1 1092207600
5576 252 1 1140681600
6856 142 1 1158390000
7358 296 1 1164787200
8213 142 1 1168588800
9565 485 1 1176102000
3924 179 0 1120460400
9081 469 1 1173340800
10160 296 1 1179385200
10160 321 1 1188198000
3451 153 1 1111042800
3822 242 1 1118473200
5967 250 1 1144220400
3331 167 1 1108540800
6225 323 0 1148972400
6688 330 0 1155625200
8029 296 1 1168329600
12452 449 1 1191308400
999 59 1 1037088000
3376 172 1 1109664000
6221 313 1 1148972400
6549 252 1 1153551600
761 34 1 1018681200
761 196 1 1112166000
2326 139 1 1087110000
9327 243 1 1174546800
9494 252 0 1175583600
12441 419 1 1191222000
62 0 1 949392000
62 121 1 1103011200
62 175 1 1118214000
1359 59 1 1052204400
9719 283 1 1177311600
1323 46 0 1050562800
1323 217 0 1145430000
1323 250 0 1145430000
1323 252 0 1145430000
1323 255 0 1145430000
1323 262 0 1145430000
1323 264 0 1145430000
6437 340 1 1152342000
1325 93 1 1050562800
4001 77 1 1122188400
4001 104 1 1121670000
7029 262 0 1162105200
9854 2 1 1178434800
10898 283 1 1183618800
12481 515 1 1191481200
1060 56 1 1040025600
2205 146 1 1083394800
12432 283 1 1191222000
4382 84 1 1125990000
4940 231 0 1133164800
8260 381 1 1168848000
9066 227 1 1173340800
9459 393 0 1175324400
7106 278 1 1162623600
9556 470 1 1176015600
572 39 1 1008316800
1304 75 1 1049785200
1304 259 1 1181545200
4400 189 1 1126076400
5035 142 1 1183878000
5035 163 1 1134547200
4141 142 1 1123311600
5339 226 0 1138003200
10099 376 1 1179126000
917 49 1 1031036400
3294 68 1 1107676800
3294 269 1 1187161200
11813 283 1 1188284400
342 22 1 989996400
8717 289 1 1171094400
9919 157 0 1178607600
599 46 1 1009353600
9304 269 1 1174374000
262 14 1 981878400
1998 98 1 1076227200
6963 296 1 1160809200
11035 370 1 1184310000
429 26 1 997167600
1931 66 1 1074153600
5338 189 0 1137916800
12145 549 1 1189926000
3639 233 1 1114671600
6667 296 1 1155279600
7435 382 1 1165478400
10193 445 1 1179558000
11490 283 1 1186556400
2483 142 1 1091170800
11818 538 1 1188284400
12764 511 1 1192950000
6371 154 1 1151564400
7903 372 1 1168243200
9310 467 1 1174460400
8995 394 1 1172908800
4111 154 1 1123052400
6431 153 1 1152255600
11435 522 1 1186297200
300 13 1 985158000
300 21 1 998895600
300 34 1 998377200
2514 148 1 1091948400
7656 81 0 1167206400
8412 283 1 1169280000
9281 449 1 1174287600
9550 290 1 1175929200
44 0 1 946281600
1370 93 1 1052722800
12484 310 1 1191481200
6786 334 1 1157007600
8237 177 1 1168761600
8510 277 1 1169798400
3420 219 1 1110700800
3420 328 1 1179817200
4386 261 1 1125990000
11427 409 1 1186297200
4217 228 1 1124089200
4808 217 1 1130742000
4808 259 1 1145430000
12923 485 0 1193727600
1004 58 0 1037606400
6306 157 0 1150354800
7183 176 1 1163059200
12726 167 1 1192777200
3360 160 0 1109145600
5756 264 0 1141977600
8805 333 1 1171526400
3722 68 1 1116313200
6072 142 1 1163145600
6072 220 1 1146121200
6072 327 1 1147244400
10578 433 1 1181631600
7447 346 1 1165651200
11157 382 0 1184914800
6164 143 0 1147762800
5737 240 1 1141804800
6917 370 1 1159599600
7635 372 1 1167120000
7827 289 1 1167897600
1049 61 1 1039680000
1667 115 1 1065942000
4870 149 0 1132041600
7201 258 1 1163145600
11700 485 1 1187852400
3387 210 1 1109836800
5240 256 1 1136620800
2433 143 1 1090306800
2433 183 1 1120114800
2433 481 1 1179471600
9561 283 1 1176102000
879 66 1 1028185200
6867 333 1 1158649200
9999 385 1 1178953200
2779 187 1 1099119600
4083 237 1 1122793200
3395 103 1 1110096000
7972 326 1 1168329600
9028 378 1 1173340800
12005 515 1 1189234800
8236 394 1 1168761600
11302 220 1 1185606000
12028 283 1 1189321200
12425 485 1 1191222000
957 50 0 1034146800
2804 192 0 1099900800
6334 259 1 1150959600
9436 320 1 1175151600
5238 153 1 1136534400
9825 283 1 1178434800
9831 283 1 1178434800
1553 3 1 1060930800
3033 146 1 1103961600
4540 217 1 1127545200
5000 152 1 1134028800
727 3 0 1015488000
3364 216 1 1109404800
8036 380 1 1168329600
2991 2 1 1105776000
2991 157 1 1103356800
2991 259 0 1168156800
6872 316 1 1158735600
3657 121 1 1115017200
3849 172 1 1119078000
6283 216 1 1176879600
6283 287 1 1149922800
8838 459 1 1171699200
5 0 1 931762800
4036 228 1 1122274800
4803 176 1 1130655600
3903 139 0 1120028400
7558 264 1 1166601600
905 40 1 1030345200
1970 114 1 1075622400
1970 167 1 1092726000
8976 219 1 1172649600
9151 337 1 1189753200
9151 385 1 1173682800
1416 75 1 1055314800
991 45 1 1036656000
991 52 1 1039248000
991 65 1 1091948400
10500 146 1 1181286000
2515 92 1 1092034800
9236 419 1 1174114800
2691 153 1 1096441200
8115 142 1 1168416000
10367 513 1 1180594800
6571 234 1 1153983600
7174 370 1 1163059200
11057 283 1 1184396400
4348 240 1 1125471600
11972 328 1 1189062000
2010 83 1 1076745600
3161 146 0 1105516800
7238 333 1 1163318400
7318 396 0 1164355200
584 44 1 1008835200
5362 142 1 1160722800
5362 277 1 1138262400
9926 283 1 1178694000
511 14 1 1005638400
4688 199 0 1129100400
12865 387 1 1193468400
1806 90 1 1071216000
2340 142 1 1087455600
6296 236 1 1150182000
7085 259 1 1162537200
12132 283 1 1189839600
410 1 1 995698800
3425 213 0 1110783600
5883 268 1 1142924400
2734 92 1 1097564400
3431 221 1 1110870000
4880 157 0 1132214400
6873 331 1 1158735600
744 33 1 1017039600
9747 346 0 1177570800
281 23 1 984297600
1120 62 1 1042358400
7264 366 1 1163664000
4667 252 1 1128927600
4918 243 1 1132819200
6520 220 1 1153119600
9215 385 1 1173942000
397 36 1 994748400
2997 166 1 1104393600
2997 167 1 1103529600
2997 515 1 1184137200
9671 387 1 1176879600
8384 239 1 1169193600
388 33 1 993970800
3735 2 1 1116486000
3890 174 1 1119855600
6628 255 1 1154761200
12552 154 1 1191999600
30 0 1 944121600
4892 254 1 1132387200
9128 220 1 1173513600
886 39 1 1028444400
4275 187 1 1124607600
9525 77 1 1175842800
11505 485 1 1186642800
775 46 1 1019977200
7969 354 1 1168329600
10482 2 1 1181199600
11971 267 1 1189062000
2597 145 1 1094194800
7948 406 1 1168329600
12146 258 1 1189926000
12207 289 1 1190271600
12353 569 1 1190876400
4459 217 1 1126508400
7369 297 1 1164873600
12342 340 1 1190790000
3125 160 1 1104825600
9342 330 1 1174546800
10514 504 1 1181286000
11408 543 1 1186124400
878 63 1 1027926000
1115 59 1 1042185600
8884 142 1 1172044800
1594 112 1 1062745200
2101 123 1 1079766000
5008 263 1 1134201600
7240 375 0 1163318400
8724 455 1 1171094400
12616 511 1 1192258800
12424 435 0 1191222000
12540 476 1 1191913200
3644 231 1 1114758000
3644 237 1 1117090800
8087 142 1 1168329600
6207 2 1 1148626800
7665 374 1 1167206400
12072 549 1 1189494000
2163 144 1 1081753200
3655 234 1 1115017200
11315 505 1 1185692400
3101 143 1 1104566400
6171 149 1 1147935600
9876 445 1 1178521200
2426 140 0 1089961200
4501 2 1 1127026800
11422 283 1 1186297200
160 1 1 965977200
359 30 1 991810800
2570 92 0 1093503600
5998 292 1 1144652400
7923 299 1 1168329600
8565 306 1 1170144000
12725 283 1 1192777200
129 6 1 960966000
3768 183 1 1117350000
3768 218 1 1119596400
9970 283 1 1178953200
10974 522 1 1184050800
1612 109 1 1063522800
3180 2 1 1105689600
3981 84 1 1121238000
12460 279 1 1191308400
469 19 1 1000537200
5013 99 1 1144134000
5013 109 1 1134201600
6216 239 1 1148799600
12312 582 0 1190703600
8544 159 1 1170057600
12883 289 1 1193554800
2320 144 1 1086850800
2910 142 1 1102147200
2910 228 1 1156316400
10755 283 1 1182841200
425 31 1 996994800
1286 1 1 1048575600
5880 220 1 1142924400
9571 486 1 1176188400
12116 391 0 1189753200
12116 405 0 1189753200
789 40 1 1033023600
789 43 1 1021359600
789 459 1 1187938800
1714 3 1 1067932800
3439 82 0 1110956400
9114 322 1 1173427200
9577 328 1 1176188400
507 19 1 1005120000
5766 313 1 1142064000
6103 255 1 1146726000
6718 302 1 1156057200
9934 393 1 1178694000
256 14 1 981273600
2389 142 1 1088924400
3486 219 1 1123138800
3486 220 1 1111561200
10869 283 1 1183532400
3290 179 0 1107590400
4125 22 1 1123138800
12258 511 1 1190444400
1338 92 1 1050994800
6050 220 1 1192604400
6050 237 1 1145775600
6050 390 1 1192604400
6277 268 1 1149836400
9502 478 1 1175670000
7914 79 1 1168329600
11694 511 1 1187852400
5029 266 0 1134460800
5029 337 1 1170921600
8939 283 1 1188198000
8939 338 1 1172304000
3483 163 1 1111561200
4438 241 1 1126422000
4896 243 0 1132473600
2363 145 1 1088146800
5441 259 1 1139040000
6774 359 1 1156748400
10930 95 1 1183791600
10606 421 1 1181718000
373 21 1 992847600
6445 314 1 1152342000
8827 324 1 1171612800
2507 133 1 1091862000
2507 283 1 1188975600
5628 255 1 1140940800
11720 296 1 1187852400
4760 219 1 1129878000
4797 219 0 1130569200
8082 142 1 1168329600
12221 239 1 1190271600
12861 283 1 1193468400
4385 179 1 1125990000
6342 296 1 1151132400
6342 313 1 1151305200
6342 340 1 1151132400
6342 350 1 1153638000
6342 351 1 1154502000
10067 159 1 1179039600
1010 59 1 1038211200
3283 89 1 1107417600
9418 217 1 1175065200
12224 504 1 1190271600
6048 237 1 1145775600
10486 283 1 1181199600
1524 92 1 1059980400
4050 80 1 1122447600
4448 237 1 1126422000
5785 227 1 1142233200
2229 46 0 1084086000
5952 220 1 1143615600
443 40 1 998290800
443 48 1 1019631600
2620 92 1 1094972400
5799 305 1 1142319600
2353 2 1 1087887600
4650 145 1 1150959600
4650 237 1 1139990400
4650 262 1 1128668400
4305 145 1 1125126000
9140 459 1 1173600000
9346 283 1 1174633200
11199 522 1 1185087600
959 40 1 1034233200
959 80 1 1084950000
959 81 1 1084950000
959 83 1 1084950000
959 121 1 1084950000
4778 179 1 1130137200
12545 258 1 1191913200
372 21 1 992761200
2754 157 1 1098169200
9311 297 1 1174460400
10159 283 1 1179385200
4658 234 1 1128841200
7839 289 1 1168934400
7839 421 0 1167897600
8595 428 1 1170316800
911 68 1 1030690800
946 56 1 1033282800
6509 236 1 1152946800
7096 111 1 1162623600
11593 476 1 1187074800
3087 183 1 1104480000
4602 252 0 1128063600
6086 321 0 1146466800
8306 313 1 1168934400
12151 569 1 1189926000
3139 3 0 1104998400
4444 167 1 1126422000
6293 262 1 1150095600
1913 119 1 1073635200
2402 152 1 1089270000
5096 263 1 1135238400
6524 149 1 1153119600
1061 71 1 1040025600
11146 296 1 1184828400
12185 485 0 1190098800
12338 430 1 1190790000
1031 24 1 1038902400
1229 73 1 1046419200
6432 252 1 1152255600
6508 172 1 1152946800
7424 330 0 1165392000
7443 313 1 1165651200
7451 395 1 1165737600
5884 224 0 1142924400
12542 481 1 1191913200
13004 220 1 1194159600
3697 193 1 1115881200
4371 172 1 1125730800
8923 2 1 1172217600
12398 485 0 1191049200
3028 138 1 1103961600
6670 49 1 1155279600
7003 314 1 1161500400
9651 465 1 1176706800
9911 500 1 1178607600
5718 166 0 1141632000
9667 229 1 1176793200
8611 283 1 1170489600
10717 492 1 1182754800
5750 218 1 1141891200
7659 142 0 1167206400
10891 537 1 1183618800
12085 522 1 1189580400
3123 208 0 1104825600
5450 303 1 1139212800
615 36 1 1009612800
2588 121 0 1093935600
8743 364 1 1171180800
6931 326 1 1159945200
11071 283 1 1184482800
11253 354 1 1185346800
3126 142 1 1104825600
10677 43 1 1182322800
10677 392 0 1186297200
5342 146 0 1138003200
8635 166 0 1170748800
1866 121 1 1072598400
4089 228 1 1122879600
2627 114 1 1095058800
3972 249 1 1121065200
11007 142 0 1184223600
11401 413 1 1186124400
5721 220 1 1141718400
6863 293 1 1158562800
10827 287 1 1183273200
209 3 1 976176000
1077 56 1 1040630400
5032 264 1 1134460800
6043 141 1 1145689200
5321 220 1 1137657600
8049 289 1 1168329600
13011 259 1 1194159600
1188 80 1 1044691200
1188 81 1 1044691200
3441 143 1 1110956400
12040 511 1 1189407600
12377 142 1 1190962800
2465 143 1 1090825200
5605 225 1 1140768000
4514 142 1 1127199600
7885 364 1 1168070400
2385 157 1 1088751600
7378 236 1 1164960000
11183 283 1 1185001200
1672 110 1 1066114800
2196 14 1 1083135600
6156 153 0 1147590000
6000 269 1 1144738800
7083 104 0 1162537200
267 13 1 983001600
2945 146 1 1102665600
8497 289 1 1169712000
753 48 1 1017990000
909 14 1 1059894000
909 15 1 1030518000
8204 340 1 1168588800
9739 298 1 1177484400
11295 522 1 1185606000
5779 237 0 1142150400
9282 271 1 1174287600
11731 518 1 1187852400
1614 70 1 1063695600
4683 264 1 1129014000
10287 438 1 1180076400
809 25 1 1022482800
2065 138 1 1080370800
2065 140 1 1078646400
4048 166 1 1122447600
7244 338 1 1163318400
7886 417 1 1168156800
7086 171 1 1162537200
7340 166 1 1164528000
2721 143 1 1097305200
2721 167 1 1105948800
8434 333 1 1169366400
8946 283 1 1172390400
11240 470 1 1185260400
454 19 1 999068400
1805 46 1 1071216000
1805 73 1 1072166400
2888 157 1 1101715200
1233 81 1 1046592000
7683 396 1 1167292800
8219 324 1 1168588800
8219 385 1 1168588800
10260 283 1 1179903600
11134 142 1 1184742000
92 3 1 955954800
4783 82 0 1130310000
6533 219 1 1153292400
11298 273 1 1185606000
269 14 1 983520000
269 15 1 984211200
269 175 1 1095318000
1565 93 1 1061535600
9273 283 1 1174287600
920 10 1 1031209200
2461 109 1 1090825200
4822 238 1 1131001200
7799 217 1 1167811200
3838 244 1 1118905200
3975 167 1 1121151600
10176 330 1 1179471600
1063 57 1 1040025600
802 59 1 1022050800
7242 296 1 1182754800
7242 324 1 1163318400
9419 310 1 1175065200
11816 289 1 1188284400
1147 73 1 1043481600
1147 340 1 1186470000
7355 385 1 1164700800
10555 283 1 1181545200
3198 206 1 1105948800
3503 50 0 1111906800
6297 328 1 1150182000
10063 374 1 1179039600
12944 289 1 1193814000
2200 145 1 1083308400
6780 236 1 1156921200
2531 157 1 1092639600
3089 137 1 1104480000
7876 326 1 1168070400
10836 283 1 1183359600
12607 220 1 1192258800
125 6 1 960620400
7465 2 1 1165824000
8272 381 1 1168848000
578 24 1 1008489600
5956 94 1 1143874800
9305 310 0 1174374000
7623 160 1 1167033600
7623 257 1 1167033600
9963 428 1 1178953200
11994 283 1 1189234800
5153 147 1 1135843200
10080 506 0 1179039600
11948 233 0 1188889200
40 0 1 944812800
873 28 0 1027407600
873 29 0 1027407600
2613 139 1 1094713200
4180 218 1 1123657200
9736 385 1 1177484400
1121 80 1 1042444800
5886 234 1 1142924400
9887 243 1 1178521200
504 34 1 1004947200
2528 152 0 1092553200
10086 387 1 1179126000
2600 80 1 1094367600
2600 121 1 1094367600
2600 190 1 1101715200
3810 236 1 1118127600
7855 243 1 1167984000
12150 569 1 1189926000
12763 564 0 1192950000
1834 110 1 1071993600
4780 142 1 1130223600
8065 102 1 1168329600
9178 474 1 1173769200
9518 483 1 1175756400
5083 220 1 1135065600
12825 459 1 1193295600
424 7 1 996908400
7483 179 1 1165996800
9930 370 1 1178694000
11562 307 1 1186902000
95 0 1 957078000
240 10 0 978768000
1582 73 1 1062313200
2887 155 1 1101715200
6136 153 1 1147244400
9326 478 1 1174460400
9705 490 0 1177138800
2886 152 1 1101715200
6478 217 1 1152687600
12502 590 1 1191567600
8781 269 1 1171353600
1409 73 1 1054969200
9016 217 1 1173168000
12529 554 1 1191740400
6345 142 0 1151218800
6630 314 1 1154761200
10705 445 1 1182668400
5851 217 1 1142665200
6861 136 1 1158476400
8604 337 1 1170403200
3792 187 1 1117782000
5459 82 0 1139385600
5615 104 1 1140854400
345 25 1 990255600
690 14 1 1012896000
4378 116 1 1125903600
12647 142 1 1192518000
1090 78 1 1041062400
11083 79 0 1184482800
1636 73 1 1064559600
3494 83 1 1111734000
8875 231 1 1171958400
3808 149 0 1118041200
11939 569 1 1188889200
1904 26 1 1073289600
1904 164 1 1091430000
4789 251 1 1130396400
11403 551 1 1186124400
7291 142 1 1164096000
10587 142 1 1181631600
276 23 1 984211200
4119 218 1 1123052400
8385 328 1 1169193600
8785 361 1 1171353600
2397 162 0 1089183600
8958 283 0 1172476800
233 14 1 978422400
8873 261 1 1171958400
8873 372 1 1181718000
11374 495 1 1185951600
9169 142 1 1173769200
2488 164 1 1091257200
2943 165 1 1102665600
3497 175 1 1111734000
7412 306 1 1165305600
682 33 1 1012723200
8953 385 1 1172476800
10840 220 1 1183359600
385 14 1 993798000
2714 175 1 1097132400
5536 116 0 1140422400
10957 538 1 1183964400
80 3 1 954399600
754 44 0 1018076400
2396 157 1 1089097200
13002 283 1 1194159600
1186 81 1 1044604800
8732 419 1 1171094400
12753 283 1 1192950000
3534 180 0 1112511600
5044 262 1 1134633600
11178 283 1 1185001200
3648 171 1 1114844400
4970 289 1 1133596800
6315 227 1 1150614000
6315 259 1 1164268800
314 14 1 987577200
6240 255 1 1149404400
6240 313 1 1164700800
10269 302 1 1179903600
12480 340 1 1191481200
12902 283 1 1193641200
7786 376 1 1167811200
11701 80 1 1187852400
11991 283 1 1189148400
1231 57 1 1046419200
4029 195 1 1122188400
5743 262 1 1141891200
6742 220 1 1156489200
12646 457 1 1192518000
81 3 1 954486000
3457 175 1 1111129200
10446 370 1 1181113200
1456 92 1 1057302000
12081 522 1 1189580400
1516 98 1 1059807600
2364 146 1 1088146800
1103 3 0 1041580800
7116 220 1 1162710000
3527 167 1 1112425200
4818 163 1 1130914800
5335 142 1 1137830400
12520 569 1 1191654000
4713 220 1 1129359600
5681 2 1 1141372800
854 58 1 1026025200
2300 137 0 1086246000
2300 314 1 1142578800
2300 316 1 1142578800
7645 346 0 1167120000
10116 481 1 1179126000
11544 348 1 1186815600
2484 157 0 1091257200
6781 328 0 1156921200
7128 2 1 1162710000
11835 327 1 1188370800
627 46 1 1009872000
1848 114 1 1072166400
2321 143 1 1086937200
2445 146 0 1090566000
6210 148 1 1148713200
7275 259 1 1163836800
603 41 1 1009440000
1082 78 1 1040803200
5791 305 1 1142319600
9487 376 1 1175583600
701 48 1 1013414400
11539 464 1 1186815600
2251 94 1 1084777200
8692 379 1 1170921600
10277 143 0 1179990000
11624 322 1 1187334000
12029 512 1 1189321200
3793 240 1 1117868400
5245 234 1 1136620800
9879 457 1 1178521200
12223 296 1 1190271600
7042 167 1 1162364400
11922 432 1 1188802800
3951 176 1 1120806000
9358 283 1 1174719600
2935 104 1 1102492800
7956 346 1 1168329600
8564 447 1 1170144000
4341 148 1 1125385200
6011 324 1 1145084400
8429 381 1 1169366400
1133 69 1 1042876800
2115 138 1 1080370800
2538 143 1 1092726000
4893 195 1 1132387200
1291 89 1 1049007600
1298 91 1 1049526000
2262 2 1 1085209200
4827 220 1 1131087600
4827 241 1 1132560000
364 16 1 991983600
4983 224 1 1133769600
11237 485 1 1185260400
5754 142 1 1141891200
194 11 1 974448000
1523 24 0 1059980400
4972 252 1 1133596800
11010 283 1 1184223600
5542 301 1 1140508800
11897 482 1 1188630000
8361 337 1 1169107200
9530 330 1 1175842800
8504 142 1 1169798400
10763 220 1 1182841200
977 3 1 1035874800
3628 233 1 1114498800
10006 405 1 1178953200
10492 283 1 1181199600
5613 217 1 1140854400
6129 212 1 1147071600
8096 259 1 1168329600
9059 433 0 1173340800
2947 139 1 1102665600
10448 283 1 1181113200
10483 465 1 1181199600
11279 426 1 1185519600
770 46 1 1019199600
770 75 1 1046332800
770 484 1 1180249200
9770 492 1 1177916400
1868 83 1 1072684800
8250 313 1 1168848000
9277 387 1 1174287600
9782 252 1 1178002800
1593 73 1 1062745200
6039 276 1 1145516400
7713 330 1 1167465600
2525 6 1 1092294000
3764 231 1 1117263600
4839 279 1 1131350400
8071 333 1 1168329600
1802 81 1 1071043200
1802 125 1 1071043200
7562 179 1 1166601600
10887 457 0 1183532400
2879 157 1 1101628800
8004 111 1 1168329600
10202 510 1 1179558000
10522 523 1 1181372400
5793 317 1 1142319600
11132 283 1 1184742000
1030 28 1 1038902400
2175 93 1 1082444400
3021 168 1 1103788800
10004 299 1 1178953200
11741 283 1 1187852400
2414 145 1 1089615600
7965 426 1 1168329600
3183 179 1 1105776000
8665 277 1 1170835200
10702 387 1 1182582000
12245 283 1 1190444400
90 3 1 955782000
7034 326 1 1162191600
10315 404 1 1180249200
2631 93 1 1095058800
2631 146 1 1097478000
4117 145 1 1123052400
8641 340 1 1170748800
12914 419 1 1193727600
1486 24 1 1058511600
4837 167 1 1131350400
5347 267 1 1138003200
2503 163 1 1091602800
7442 393 1 1165651200
12488 537 1 1191481200
96 1 1 957510000
5525 241 0 1140336000
11715 259 1 1187852400
3888 168 1 1119769200
3888 438 1 1170489600
4881 220 1 1132214400
3036 121 1 1104048000
9440 360 1 1175238000
3900 196 1 1120028400
6349 228 1 1151218800
9428 283 1 1175151600
4087 254 1 1122879600
5217 217 1 1136275200
12965 271 1 1193986800
9319 2 1 1174460400
1203 73 1 1045468800
7816 302 1 1167897600
831 59 1 1024297200
10944 283 1 1183878000
12500 515 1 1191567600
3419 84 1 1110700800
3862 89 0 1119337200
3928 220 1 1120546800
9540 271 1 1175842800
10779 283 1 1182927600
2130 120 1 1080802800
2130 238 1 1119250800
9810 142 0 1178348400
11209 142 1 1185174000
654 49 1 1010908800
4351 175 1 1125471600
4753 237 1 1129791600
7636 219 1 1167120000
3499 141 0 1111820400
5376 254 1 1138435200
5764 142 1 1141977600
5764 255 1 1142924400
835 24 1 1024556400
5064 262 1 1134892800
2147 143 1 1081234800
7265 300 1 1163750400
8191 338 1 1168502400
8542 328 0 1170057600
5298 255 1 1137312000
6413 220 1 1152082800
7426 387 1 1165392000
2747 2 1 1098082800
6802 229 0 1157180400
11866 283 1 1188543600
3281 142 1 1107417600
4721 2 1 1129446000
8613 220 1 1170489600
4166 163 1 1123570800
8567 333 1 1170144000
9179 420 1 1173769200
1674 86 1 1066201200
3321 121 1 1108454400
5693 78 1 1141459200
2720 121 0 1097305200
9244 81 1 1174114800
11644 121 1 1188630000
11644 476 1 1187506800
12885 283 1 1193554800
10257 393 1 1179903600
2508 106 0 1091862000
11165 283 1 1184914800
1391 2 1 1054105200
4871 281 1 1132041600
12357 578 1 1190876400
5028 142 1 1134460800
7806 227 1 1167897600
8182 264 0 1168502400
10584 337 0 1181631600
11404 338 1 1186124400
6303 236 1 1150268400
8865 423 1 1171872000
2539 106 1 1092812400
6605 324 1 1154415600
12455 414 1 1191308400
4108 143 1 1122966000
9982 337 1 1178953200
1534 106 1 1060326000
3435 2 1 1127113200
3435 220 1 1110870000
1536 56 1 1060412400
4106 143 1 1122966000
11595 391 0 1187161200
11889 259 1 1188630000
188 15 1 973756800
5499 239 1 1139990400
5788 240 1 1142233200
6991 288 0 1161154800
5213 142 1 1136188800
7540 306 1 1166515200
6489 204 1 1152774000
9260 433 1 1174201200
2621 162 1 1094972400
4584 166 1 1127977200
11710 283 1 1187852400
1053 24 0 1039766400
1455 95 1 1057302000
5391 214 1 1138608000
2556 114 1 1093071600
2574 84 1 1093590000
3721 95 1 1116313200
9375 283 1 1174806000
3829 89 0 1118732400
7534 326 1 1166428800
11946 522 1 1188889200
3035 157 1 1104048000
6446 121 1 1152342000
6507 80 1 1152946800
8370 375 1 1169107200
237 14 1 978595200
9792 465 1 1178175600
11802 283 1 1188198000
12527 298 1 1191740400
1816 84 1 1071561600
4032 218 1 1122188400
5355 91 1 1138176000
10278 476 1 1180076400
12532 283 1 1191826800
221 12 1 977126400
1739 86 1 1069142400
4895 283 1 1132473600
10163 302 1 1179385200
5945 245 1 1143615600
7733 264 1 1167638400
6900 365 1 1159254000
7110 205 1 1162710000
8534 283 1 1169971200
11611 556 1 1187247600
6602 254 1 1154415600
8640 289 1 1170748800
9196 259 1 1173942000
1360 74 1 1052204400
6707 219 1 1155970800
3700 2 1 1115881200
100 3 1 957855600
9897 499 1 1178521200
2381 146 1 1088665200
2381 220 1 1132905600
10156 508 1 1179385200
10981 207 1 1184050800
4258 176 1 1124434800
5353 269 1 1138176000
6979 219 0 1161068400
9997 121 0 1178953200
3220 123 1 1106294400
5045 183 1 1134633600
6928 333 1 1159858800
8327 414 1 1169020800
2971 192 1 1103011200
5609 231 1 1140854400
9748 93 1 1177570800
12065 550 0 1189494000
987 2 1 1036656000
2193 110 0 1083049200
3912 189 0 1120201200
5533 239 1 1140422400
4005 217 1 1121756400
5017 218 1 1134288000
9686 127 0 1176966000
1635 91 1 1064559600
6429 293 1 1152169200
2730 146 1 1097564400
3140 2 1 1104998400
5145 293 1 1135756800
6424 278 1 1152169200
9604 459 1 1176274800
9176 419 1 1173769200
12070 205 1 1189494000
3997 187 1 1121583600
6936 370 1 1160118000
9949 376 1 1178866800
10989 283 1 1184137200
3932 190 1 1120546800
6582 220 1 1154156400
7398 334 0 1165219200
10380 283 1 1180681200
10601 527 1 1181718000
10922 423 1 1183791600
11782 485 1 1188111600
4932 154 1 1133078400
4932 264 1 1133251200
6525 324 1 1153119600
9023 313 1 1173254400
5301 252 1 1137312000
9299 83 1 1174374000
984 1 1 1036483200
7775 372 0 1167811200
12618 476 1 1192345200
2164 29 1 1081839600
2207 105 1 1083481200
2207 181 1 1097564400
4643 266 1 1128495600
8614 338 1 1170489600
316 29 1 987922800
4988 254 0 1133856000
2964 179 1 1102924800
12597 350 1 1192172400
2585 139 1 1093849200
4027 80 1 1122102000
4027 81 1 1122102000
1664 97 1 1065942000
8255 324 1 1168848000
12242 485 1 1190358000
4968 235 1 1133596800
8307 441 1 1168934400
9874 283 1 1178521200
371 14 1 992674800
3676 153 1 1115449200
7157 372 1 1162972800
9331 393 1 1174546800
10848 493 1 1183359600
628 32 1 1009872000
8931 321 1 1172304000
10074 283 1 1179039600
3995 240 1 1121497200
6636 304 1 1154847600
1973 73 1 1075708800
4636 232 1 1128495600
4636 256 1 1168848000
5111 177 1 1135497600
1018 73 0 1038384000
1583 97 1 1062399600
9928 220 1 1178694000
9928 314 1 1178694000
6905 314 1 1159340400
11673 322 1 1187679600
12225 485 0 1190358000
12808 597 1 1193209200
139 3 1 962262000
6462 314 1 1152514800
8175 330 1 1168502400
2648 145 1 1095490800
5046 137 0 1134633600
10164 397 1 1179385200
10583 77 1 1181804400
10583 104 1 1181631600
3598 207 1 1113894000
11175 81 1 1185001200
2641 174 1 1095318000
8032 188 1 1168329600
11172 176 1 1184914800
8493 313 1 1169712000
1305 90 0 1049958000
5002 250 1 1134115200
9638 314 1 1176534000
9856 366 1 1178434800
1909 115 1 1073462400
2719 143 1 1097218800
7890 153 1 1168156800
2233 144 1 1084172400
2233 151 1 1084690800
1847 121 1 1072166400
2624 25 1 1094972400
9258 459 1 1174201200
12720 511 1 1192777200
5019 217 1 1134374400
6250 197 1 1149490800
10082 283 1 1179039600
1993 84 1 1076140800
5746 220 1 1141891200
10729 283 1 1182841200
2092 120 1 1079506800
5907 214 1 1143097200
11121 387 1 1184742000
1548 84 1 1060758000
8666 104 1 1170835200
8666 309 1 1170835200
11473 283 1 1186470000
601 48 1 1009440000
7627 337 1 1167033600
10632 92 1 1181890800
10475 271 1 1181199600
12052 476 1 1189494000
2143 59 0 1080975600
9937 289 1 1178694000
3185 153 1 1105776000
3282 207 1 1107417600
4586 199 0 1127977200
11493 302 1 1186556400
9752 365 1 1177657200
211 14 0 976348800
366 32 1 992070000
4239 179 1 1124262000
4510 268 1 1127199600
7368 397 1 1164787200
9133 375 1 1173513600
9363 283 1 1174719600
1985 136 1 1075881600
5344 2 1 1138003200
7486 236 1 1165996800
8580 448 1 1170230400
1677 50 1 1066460400
1690 117 1 1066978800
6056 95 1 1145862000
6056 375 1 1181372400
2325 145 1 1087023600
4687 104 1 1129100400
12036 519 1 1189407600
3488 142 1 1111561200
9399 320 0 1174892400
11526 491 0 1186729200
15 0 1 940489200
1748 123 1 1069574400
3142 59 0 1104998400
7998 2 1 1168329600
8335 256 1 1169107200
5299 255 1 1137312000
7712 220 1 1167465600
10694 283 1 1182495600
733 3 0 1016434800
4218 140 1 1124089200
2457 101 1 1090652400
9057 239 1 1173340800
9626 457 1 1176361200
10651 217 1 1182150000
7924 429 1 1168329600
10678 220 0 1182322800
11314 283 1 1185692400
401 29 1 995266800
3964 2 1 1120978800
6169 324 1 1147849200
1182 73 1 1044518400
8359 337 1 1169107200
10121 381 1 1179212400
10433 494 1 1180940400
731 57 1 1016002800
2280 146 1 1085727600
10337 504 1 1180422000
11834 380 1 1188370800
2091 110 1 1079420400
8052 347 1 1168329600
11519 283 1 1186642800
2609 148 1 1096614000
2609 166 1 1094540400
2949 64 1 1102665600
4320 174 1 1125298800
11036 333 1 1184310000
11890 255 1 1188630000
154 7 1 964767600
154 107 0 1070092800
6912 314 1 1159513200
9648 381 0 1176620400
10541 302 1 1181458800
3436 81 1 1122534000
3436 220 1 1110870000
7196 83 1 1163059200
712 1 1 1014019200
1234 41 1 1046678400
12929 417 1 1193814000
2823 175 1 1100419200
7060 260 1 1162537200
1180 63 1 1044432000
7079 255 1 1162537200
8275 185 1 1168848000
981 3 1 1036306800
5108 102 0 1135497600
5273 240 1 1136880000
8223 385 1 1168588800
11041 283 1 1184310000
12507 522 1 1191567600
7325 214 1 1164441600
3261 174 1 1106985600
6887 142 1 1158994800
8523 142 1 1169884800
5296 124 0 1137312000
10843 324 1 1183359600
5882 320 1 1142924400
5932 104 1 1143356400
349 14 1 990601200
2891 200 0 1101801600
8422 387 1 1169366400
11215 445 1 1185174000
11903 391 1 1188716400
1033 75 1 1038988800
2884 99 1 1101715200
7643 289 1 1167120000
1853 119 1 1072252800
3955 240 1 1120806000
8788 405 1 1171353600
11141 283 1 1184742000
3343 160 0 1108800000
10375 514 1 1180681200
11191 283 1 1185087600
11705 515 1 1187852400
13006 470 1 1194159600
6935 220 1 1160118000
9361 81 1 1174719600
11964 380 1 1188975600
4693 220 1 1129186800
113 1 1 959065200
9567 283 1 1176102000
1742 94 1 1069228800
2293 110 1 1086073200
8012 259 1 1168329600
2786 145 1 1099292400
7803 324 1 1167811200
9912 274 1 1178607600
12612 283 1 1192258800
12612 338 1 1193382000
6698 355 1 1155798000
12346 206 1 1190790000
3632 157 1 1114585200
3871 147 1 1119510000
7252 385 1 1163491200
8398 370 1 1169193600
2037 71 0 1077523200
2866 80 1 1101369600
7750 289 1 1167724800
7750 338 1 1177484400
2835 166 1 1100678400
4135 229 1 1123225200
7056 237 0 1162450800
8942 393 1 1172390400
4943 259 1 1133164800
9985 393 1 1178953200
1986 81 1 1075968000
1986 83 0 1075968000
2915 202 1 1102147200
10330 259 1 1180335600
11524 283 1 1186729200
11524 302 1 1186729200
853 59 1 1026025200
986 61 1 1036569600
6322 267 1 1150786800
4887 231 1 1132387200
8353 370 1 1169107200
6313 77 1 1150527600
6313 283 1 1182063600
11188 283 1 1185001200
12024 530 1 1189321200
420 37 1 996562800
3178 147 1 1105689600
6355 273 1 1151305200
9143 455 0 1173600000
899 63 1 1029740400
2931 157 1 1102406400
7867 313 1 1167984000
9562 385 1 1176102000
2421 104 1 1089702000
5097 220 1 1135238400
12310 283 1 1190617200
8266 385 1 1168848000
9703 145 1 1177138800
308 27 1 986713200
3959 166 1 1120892400
7044 326 1 1162364400
10634 459 1 1181977200
725 42 1 1015228800
725 73 1 1041840000
4225 176 1 1124089200
7161 219 1 1163059200
8689 143 1 1170921600
8152 142 1 1168502400
8165 375 1 1168502400
11278 385 1 1185519600
12918 485 1 1193727600
9333 283 1 1174546800
9447 314 1 1175238000
13 0 1 939711600
4776 219 1 1130137200
4915 287 1 1132819200
6364 179 1 1151478000
11896 404 1 1188630000
12765 511 1 1192950000
99 0 0 957855600
8663 81 1 1170748800
8663 372 1 1174978800
10490 283 1 1181199600
79 3 1 954226800
1905 81 1 1073376000
1905 119 1 1073376000
6015 219 1 1145084400
9222 313 1 1174028400
4494 237 1 1126854000
5392 255 1 1138608000
10751 283 0 1182841200
11985 267 1 1189148400
680 40 1 1012464000
11230 2 1 1185260400
1566 97 1 1061622000
5981 259 1 1144393200
7226 137 1 1163232000
9115 283 1 1173427200
11850 485 1 1188457200
4429 142 1 1126335600
11043 283 1 1184310000
2141 43 0 1080975600
9296 326 1 1174374000
9986 385 1 1178953200
1813 2 1 1071475200
1855 92 1 1072339200
6229 312 1 1149145200
1044 68 0 1039420800
3292 137 1 1107676800
2422 129 0 1089702000
4660 191 1 1128841200
6121 81 1 1146898800
9625 352 1 1176361200
1384 39 1 1053414000
2745 146 1 1098082800
8863 327 1 1171872000
11872 283 1 1188543600
531 44 1 1006761600
12819 481 0 1193295600
1422 73 1 1055487600
5568 104 1 1140681600
6882 326 1 1158908400
8746 255 1 1171180800
11280 310 1 1185519600
12237 485 0 1190358000
1639 81 1 1064818800
4174 142 1 1123570800
6543 310 1 1153378800
11065 283 1 1184482800
3512 143 1 1112079600
5969 142 0 1144306800
8668 255 1 1170835200
10478 520 1 1181199600
11534 142 1 1186729200
4201 218 1 1123830000
1267 0 1 1048057200
11698 457 1 1187852400
5792 240 1 1142319600
6332 176 1 1150959600
7402 259 1 1165219200
10477 313 1 1181199600
11234 387 1 1185260400
2996 138 1 1103529600
6059 298 1 1145948400
11396 485 1 1186124400
11769 517 1 1188025200
6838 146 1 1157871600
10850 220 1 1183446000
6323 137 0 1150786800
6343 313 1 1151218800
7757 142 0 1167811200
12204 220 1 1190185200
5199 266 1 1136102400
8352 142 1 1169107200
9096 455 1 1173340800
12663 80 0 1192604400
6521 338 1 1153119600
6242 233 1 1149404400
2048 82 1 1078041600
5280 243 1 1137052800
1864 58 1 1072512000
1972 134 1 1075708800
5526 142 1 1140336000
9675 239 1 1176879600
8868 220 1 1171958400
12890 550 1 1193554800
4857 84 1 1131696000
5814 237 1 1142406000
508 0 0 1005292800
2878 146 1 1101628800
4960 220 1 1133510400
3734 205 1 1116486000
6527 219 1 1153206000
2889 153 1 1101715200
8475 2 1 1169625600
10556 283 1 1181545200
893 44 0 1029049200
6 0 1 931849200
4014 217 1 1121842800
6598 251 1 1154415600
2821 121 1 1100419200
2821 142 1 1100419200
6748 273 1 1156489200
7007 232 1 1161673200
3234 183 1 1106640000
9526 430 0 1175842800
130 8 1 960966000
6548 313 1 1153551600
12632 543 1 1192431600
5867 318 1 1142838000
6544 220 1 1153465200
5278 83 1 1136880000
5471 262 1 1139644800
10929 283 1 1183791600
625 3 1 1009785600
625 20 1 1016002800
625 283 1 1187506800
2987 2 1 1103270400
5958 256 1 1143961200
7045 121 1 1162364400
7411 381 1 1165305600
2123 94 1 1080716400
4499 237 1 1126940400
6284 298 0 1149922800
10443 515 1 1181026800
8186 278 1 1168502400
11494 2 1 1186556400
6723 236 1 1156230000
9181 385 1 1173769200
4284 232 1 1124780400
5987 198 1 1144479600
6463 252 1 1152514800
11787 283 1 1188111600
1633 73 1 1064473200
3589 210 1 1113721200
4252 220 1 1124348400
10329 255 1 1180335600
226 10 1 977817600
9699 483 1 1177138800
12889 467 0 1193554800
2709 152 1 1096959600
9786 493 1 1178089200
176 13 1 971938800
975 68 1 1035702000
5715 266 1 1141632000
6434 345 1 1152255600
8851 387 1 1171785600
4478 43 1 1126681200
4518 220 1 1127199600
10419 465 0 1180854000
6200 301 0 1148454000
6695 157 0 1155798000
8453 81 1 1169452800
12105 464 1 1189666800
6823 321 1 1157612400
7477 292 1 1165910400
610 32 1 1009526400
3973 230 1 1121065200
8319 314 1 1169020800
10780 283 1 1182927600
8701 83 0 1171008000
919 49 1 1031122800
2294 140 1 1086073200
8499 323 1 1169798400
9839 385 1 1178434800
10214 283 1 1179730800
10823 491 0 1183186800
3267 161 0 1107072000
5567 231 1 1140681600
6960 344 1 1160722800
7039 313 1 1162278000
5058 235 1 1134806400
6839 166 1 1157958000
12174 522 1 1190098800
996 37 1 1037088000
996 47 1 1037088000
10220 283 1 1179730800
10815 533 1 1183100400
3285 157 1 1107504000
7066 97 1 1162537200
10566 283 1 1181545200
3407 179 1 1110355200
3587 63 1 1113721200
10778 283 1 1182927600
323 16 1 988527600
451 24 1 998982000
1334 81 1 1050908400
10266 465 1 1179903600
10964 539 1 1183964400
5813 225 1 1142406000
6385 260 1 1151823600
7462 339 1 1165824000
3537 2 1 1112598000
6794 189 1 1157094000
9207 378 1 1173942000
9207 511 1 1188889200
12626 121 1 1192345200
4729 80 1 1129532400
8244 217 1 1168761600
302 25 1 985330800
4700 112 1 1129273200
5701 81 1 1141632000
350 23 1 990687600
7868 314 1 1167984000
8246 269 1 1168761600
8246 340 1 1179039600
4625 237 1 1128322800
4973 139 1 1133596800
1502 81 1 1059289200
7124 262 1 1162710000
7817 302 1 1167897600
566 48 1 1008230400
7791 370 1 1167811200
2368 143 1 1088319600
3683 89 1 1115535600
10669 419 1 1182322800
1159 3 1 1043827200
1215 73 1 1045728000
6997 81 1 1161327600
6227 333 1 1148972400
7394 185 1 1165132800
7464 259 0 1165824000
12093 121 1 1189580400
12420 589 1 1191135600
109 3 1 958633200
2224 147 1 1083913200
8650 338 1 1170748800
5564 261 1 1140595200
9097 370 1 1173340800
9097 465 1 1183532400
9566 470 0 1176102000
9843 337 1 1178434800
11810 514 1 1188284400
5534 174 1 1156316400
5534 250 1 1140422400
9586 2 1 1176188400
1671 94 1 1066028400
5387 239 1 1138521600
6127 314 1 1147071600
12323 333 1 1190703600
12403 296 1 1191049200
8804 259 1 1171526400
11405 296 1 1186124400
5506 236 1 1140076800
12842 457 1 1193382000
10219 154 0 1179730800
10859 387 1 1183446000
11200 485 1 1185087600
921 49 1 1031382000
7688 80 1 1167292800
7753 324 1 1167724800
10428 283 1 1180940400
12154 302 1 1190012400
667 49 1 1011772800
10642 219 1 1182063600
3701 174 1 1115967600
7723 372 1 1167552000
10335 254 1 1180422000
10335 372 1 1180422000
455 43 1 999154800
5896 142 1 1143010800
12026 485 1 1189321200
12126 511 1 1189753200
8515 423 1 1169798400
1660 115 1 1065596400
11032 435 0 1184310000
11301 504 1 1185606000
12504 283 1 1191567600
1355 83 1 1052031600
288 23 1 984380400
6302 336 1 1150268400
11569 2 1 1186988400
11797 263 1 1188198000
647 24 1 1010563200
12195 574 1 1190185200
7386 188 1 1165046400
11828 179 1 1188370800
11925 457 1 1188802800
2425 163 1 1089961200
3925 142 1 1120460400
5864 2 1 1142751600
2121 92 1 1080543600
6976 235 0 1161068400
10382 296 1 1180681200
333 29 1 989391600
3174 153 0 1105603200
6540 322 0 1153378800
4553 262 1 1127631600
4790 262 1 1130396400
8070 324 1 1168329600
12018 234 1 1189321200
2493 166 1 1091343600
2493 262 1 1167811200
10880 536 1 1183532400
2890 83 1 1101801600
3946 196 1 1120719600
8543 142 1 1170057600
8795 274 1 1171440000
8397 283 1 1169193600
8442 217 1 1169452800
8551 302 1 1170057600
9221 220 1 1174028400
9221 303 1 1174028400
3940 172 0 1120633200
5173 235 1 1135929600
11410 522 0 1186124400
5474 243 1 1139644800
5581 217 1 1140681600
9294 259 1 1176706800
9294 476 1 1174374000
9003 467 0 1172995200
2031 110 1 1077350400
5510 243 1 1140163200
11184 283 1 1185001200
741 47 1 1016953200
3579 159 1 1113462000
635 49 1 1010131200
897 15 1 1029394800
2849 138 1 1101024000
8103 316 1 1168329600
8211 201 0 1168588800
8211 413 0 1168588800
83 2 1 954918000
2117 121 1 1080457200
9256 127 1 1174201200
12227 283 1 1190358000
4651 228 1 1128754800
11859 289 1 1188543600
12731 381 1 1192863600
7072 256 1 1162537200
7513 387 1 1166256000
1054 49 1 1039766400
12359 283 1 1190876400
8538 172 1 1169971200
4954 104 1 1133424000
5154 252 0 1135843200
5154 264 1 1136966400
8120 94 1 1168416000
8686 334 0 1170921600
1248 1 1 1047110400
9009 326 0 1173081600
9009 394 0 1173081600
12641 296 0 1192518000
8105 219 1 1168329600
11455 504 1 1186383600
289 23 1 984380400
7006 296 1 1161673200
9860 283 1 1178434800
2824 167 1 1100419200
7609 339 1 1166947200
12782 220 1 1193036400
4860 231 1 1131782400
11011 445 1 1184223600
8516 419 1 1169798400
55 0 1 947836800
440 40 1 997945200
1067 3 1 1040284800
4691 5 1 1129186800
2026 120 1 1077177600
4441 84 0 1126422000
6325 220 1 1150786800
7767 333 1 1167811200
941 49 1 1032678000
1528 92 1 1060066800
10499 372 1 1181286000
12812 283 1 1193209200
3403 181 1 1110268800
4735 80 1 1129618800
7528 370 1 1166428800
9157 376 1 1173682800
4369 259 1 1125730800
5081 291 1 1135065600
5394 148 1 1138608000
12508 486 1 1191567600
2799 191 1 1099551600
6021 179 1 1145257200
340 13 1 989737200
5282 237 1 1137052800
8791 230 1 1171440000
137 3 1 962002800
12241 283 1 1190358000
2946 168 1 1102665600
6818 326 1 1157526000
6788 2 1 1157007600
8116 142 1 1168416000
10527 283 1 1181372400
1563 46 1 1061449200
1086 63 1 1040976000
2758 157 1 1098428400
12248 578 1 1190444400
3102 184 1 1104566400
4053 159 1 1122534000
6536 340 1 1153292400
12322 283 1 1190703600
3664 217 1 1115103600
6965 296 0 1160809200
8129 219 1 1168416000
2499 138 1 1091430000
5103 81 0 1135324800
8200 310 1 1168588800
8533 283 1 1169971200
1440 94 1 1056610800
5267 152 1 1138608000
5267 176 0 1136793600
554 1 1 1007712000
7673 283 1 1185346800
7673 360 1 1167292800
11258 283 1 1185346800
6159 266 1 1147676400
9662 201 0 1176793200
9712 483 1 1177225200
10867 354 1 1183446000
12966 283 1 1193986800
4665 189 1 1128927600
5432 262 1 1138953600
7830 374 1 1167897600
9983 220 1 1178953200
6161 255 0 1147676400
12330 517 1 1190790000
12516 340 1 1191654000
1028 24 1 1038816000
11648 235 1 1187593200
12467 80 1 1191308400
353 14 1 991033200
1340 93 1 1051167600
1340 145 1 1095836400
5835 319 1 1142578800
11570 365 1 1186988400
2917 146 0 1102147200
6180 171 1 1148108400
8694 324 1 1170921600
2035 92 1 1077523200
4028 5 1 1122188400
11580 283 1 1186988400
1356 92 1 1052031600
1356 94 1 1053241200
4653 177 0 1128754800
6821 281 1 1157612400
6027 220 1 1145343600
8943 321 1 1172390400
9264 283 1 1174201200
4747 217 1 1129705200
4747 264 1 1129705200
10015 104 1 1178953200
7379 339 1 1164960000
7515 371 1 1166256000
10682 313 0 1182409200
4376 259 1 1125903600
4723 217 1 1129446000
9819 261 1 1178348400
11699 283 1 1187852400
4256 219 1 1124434800
11289 337 1 1185519600
162 3 1 966841200
3800 231 1 1117954800
12405 485 1 1191049200
12510 283 1 1191654000
6122 121 1 1146985200
6426 217 1 1152169200
583 38 1 1008835200
3612 197 0 1114153200
8854 293 0 1171872000
8928 185 1 1172304000
3247 80 1 1106812800
8293 142 0 1168934400
12277 145 1 1190530800
12562 220 1 1191999600
3783 148 1 1117695600
6394 177 1 1151910000
9581 372 1 1176188400
12940 571 1 1193814000
3615 166 1 1114153200
12920 2 1 1193727600
1794 104 1 1070956800
8658 142 0 1170748800
175 13 1 971766000
1539 50 1 1060498800
1539 145 1 1105344000
3022 160 1 1103875200
3868 246 0 1119423600
7988 254 1 1168329600
9300 387 1 1174374000
1870 99 1 1072684800
5206 269 1 1136188800
10458 255 1 1181199600
12450 464 0 1191308400
9709 385 1 1177225200
9814 469 0 1178348400
12695 282 1 1192690800
4260 154 1 1124434800
8607 324 1 1170403200
12442 537 1 1191222000
27 0 1 943948800
665 49 1 1011686400
5624 81 1 1140940800
8148 433 1 1168502400
258 14 1 981446400
11752 219 0 1187938800
4477 255 1 1126681200
5167 157 1 1135929600
5808 2 1 1142319600
1113 3 0 1042012800
3328 160 1 1108540800
10331 512 1 1180335600
1154 72 0 1043740800
7628 124 1 1167120000
12564 283 1 1191999600
2785 146 1 1099206000
4360 148 1 1125558000
11082 179 1 1184482800
11463 549 1 1186470000
11977 276 0 1189062000
1407 95 1 1054969200
2669 145 1 1095922800
6927 322 1 1159858800
9632 39 1 1176534000
5054 235 1 1134720000
10011 302 1 1178953200
5601 228 1 1140768000
5776 266 0 1142150400
11166 381 1 1184914800
8696 333 1 1171008000
11863 476 0 1188543600
4405 227 1 1126162800
4751 80 1 1129791600
10436 385 1 1181026800
4958 276 1 1133424000
7594 181 1 1166860800
10655 283 1 1182236400
4021 140 1 1122015600
7573 406 0 1166688000
10967 231 0 1183964400
1606 96 1 1063436400
2033 122 1 1077436800
606 46 1 1009526400
7055 330 1 1162450800
8432 331 1 1169366400
9451 393 1 1175324400
512 37 1 1005638400
5340 228 1 1138003200
8085 142 1 1168329600
2673 174 1 1096009200
6028 252 1 1145430000
10126 393 1 1179212400
1968 104 0 1075536000
2199 142 1 1102838400
2199 144 1 1083222000
2199 151 1 1086159600
2252 151 1 1084777200
2252 274 1 1128927600
6320 235 1 1150786800
1789 91 1 1070784000
4726 2 1 1129446000
5074 263 1 1134979200
138 7 1 962002800
3357 198 1 1109145600
8482 415 1 1169712000
8482 423 1 1169712000
9011 383 1 1173081600
11277 269 1 1185433200
12161 569 0 1190012400
12806 569 1 1193209200
169 12 1 969865200
6869 361 1 1158735600
7366 372 1 1164787200
640 25 1 1010304000
1577 97 0 1062140400
7655 278 1 1167206400
9218 283 1 1174028400
9916 419 1 1178607600
1820 97 1 1071648000
3008 201 1 1103702400
3038 142 1 1104134400
3038 166 0 1104048000
4437 179 1 1126422000
10696 289 1 1182495600
7350 241 0 1164700800
8122 382 1 1168416000
10728 324 1 1182841200
12267 24 1 1190444400
11281 433 0 1185519600
11781 385 1 1188025200
8579 393 1 1170230400
8970 376 1 1172563200
11285 83 1 1185519600
659 45 1 1011340800
8267 314 1 1168848000
9290 428 0 1174287600
6281 17 1 1149922800
8738 283 1 1171094400
10347 485 1 1180422000
1021 50 1 1038556800
2160 125 1 1081666800
652 46 1 1010822400
6703 235 1 1155884400
4620 218 1 1128236400
12282 337 1 1190530800
12793 445 1 1193122800
4427 240 1 1126249200
3272 200 1 1107158400
12829 569 1 1193295600
1173 66 1 1044172800
3413 146 1 1110528000
6458 142 1 1152514800
8224 320 1 1168675200
9200 283 1 1173942000
5172 80 1 1135929600
5683 178 0 1141372800
11376 117 1 1185951600
8947 283 1 1172390400
10328 485 1 1180335600
11426 491 1 1186297200
9594 376 1 1176188400
10900 515 1 1183618800
11467 97 0 1186470000
4195 219 1 1123830000
5490 240 1 1139817600
5545 262 1 1140508800
10203 337 0 1179558000
12855 220 1 1193468400
660 25 1 1011340800
8027 416 1 1168329600
9270 283 1 1174201200
2211 5 1 1083567600
2637 158 1 1095231600
184 2 1 977212800
184 11 1 972802800
9309 414 1 1174460400
5357 269 1 1138176000
10516 302 1 1181286000
11762 259 0 1187938800
11952 382 1 1188975600
4380 121 1 1125990000
7936 372 1 1168329600
929 57 1 1031900400
3652 153 1 1114930800
8749 283 1 1171180800
11540 419 1 1186815600
3788 99 1 1117782000
4634 259 1 1128409200
11094 111 1 1184569200
1363 17 1 1052377200
3068 197 1 1104220800
5384 234 1 1138521600
12509 283 1 1191654000
1354 81 1 1052031600
4144 75 1 1123398000
7058 234 1 1162537200
9163 283 1 1173682800
3522 153 0 1112338800
3522 206 1 1112511600
10820 457 1 1183186800
9938 374 1 1178694000
11511 522 1 1186642800
478 11 1 1001314800
4933 190 1 1133078400
6579 235 1 1154070000
8498 340 1 1169712000
9147 467 1 1173682800
8008 236 1 1168329600
8119 102 1 1168416000
8400 283 1 1169193600
10787 493 1 1182927600
12486 457 1 1191481200
2208 134 1 1083481200
6430 326 1 1152255600
6692 236 1 1155711600
8855 271 1 1171872000
11961 433 1 1188975600
4945 219 0 1133251200
9038 375 1 1173340800
4890 261 1 1132387200
180 10 1 972025200
11545 259 1 1186815600
10888 81 1 1183618800
1273 73 1 1048143600
3245 143 1 1106726400
11717 283 1 1187852400
9139 104 1 1173600000
1366 92 1 1052550000
1366 94 1 1052550000
1366 95 1 1054969200
1366 99 1 1054969200
1366 179 1 1103788800
1366 220 1 1110783600
12247 501 1 1190444400
12249 537 1 1190444400
11824 190 1 1188370800
12468 517 1 1191308400
1841 73 1 1072080000
10208 242 1 1179644400
11666 220 1 1187679600
12840 569 1 1193382000
2361 160 1 1088060400
6556 338 1 1153810800
12166 163 1 1190012400
3724 179 1 1116313200
7931 121 1 1168329600
9789 457 1 1178089200
8189 156 0 1168502400
1349 92 1 1051772400
4817 218 1 1130914800
5965 161 0 1144134000
7801 418 1 1167811200
4744 240 1 1129705200
7829 254 1 1167897600
12369 283 1 1190962800
1408 39 1 1054969200
2230 92 1 1084086000
5947 235 1 1143615600
7223 77 1 1163232000
4714 257 1 1129359600
8061 372 1 1168329600
8486 393 1 1169712000
9089 283 1 1173340800
9180 302 1 1173769200
4677 252 1 1128927600
6547 83 1 1153551600
12980 340 1 1194073200
131 7 1 961052400
4544 219 1 1127545200
5558 308 1 1140595200
6036 175 1 1145516400
6706 163 1 1155970800
2564 105 1 1093330800
5977 240 1 1144306800
9893 297 1 1178521200
234 13 1 978422400
458 34 1 999241200
6098 239 0 1146639600
3869 2 1 1119423600
11012 407 1 1184223600
11202 476 1 1185087600
12942 569 1 1193814000
1022 57 1 1038729600
9816 283 1 1178348400
9947 259 1 1178866800
757 3 0 1018249200
8512 80 0 1169798400
8990 277 1 1172822400
9650 457 1 1176706800
2113 18 1 1080284400
3170 142 1 1105603200
11822 185 1 1188284400
6065 267 1 1146034800
7971 326 1 1168329600
12566 269 1 1191999600
12623 530 1 1192345200
671 30 1 1011859200
10596 228 1 1181718000
4898 230 1 1132560000
8417 157 1 1169280000
152 0 1 963903600
3866 148 0 1119337200
6261 219 1 1149577200
7614 372 1 1167033600
5307 102 1 1137398400
11255 393 1 1185346800
4698 81 1 1129273200
580 25 1 1008576000
2439 103 1 1090306800
4765 220 1 1129964400
7605 314 1 1166947200
3733 145 1 1116486000
3961 149 1 1120978800
5332 292 1 1137744000
3134 146 1 1104912000
7989 330 1 1168329600
1032 56 1 1038988800
11692 481 0 1187938800
11692 537 0 1187766000
3526 220 1 1112425200
7434 44 1 1165478400
7490 289 1 1165996800
5957 314 1 1143874800
10911 381 0 1183705200
5135 275 1 1135670400
9120 445 1 1173427200
7052 324 1 1162450800
7954 314 1 1168329600
3898 235 1 1119942000
3915 143 1 1120201200
3195 203 1 1105948800
6796 177 1 1157094000
11607 555 1 1187247600
8763 283 1 1171267200
11050 220 1 1184396400
12535 457 1 1191826800
1117 39 1 1042272000
4367 195 1 1125644400
5728 296 1 1141804800
6209 324 1 1148713200
9241 258 1 1174114800
11297 283 1 1185606000
6276 102 1 1149836400
7606 396 0 1166947200
12553 111 1 1191999600
2390 157 1 1089010800
10564 348 1 1181545200
1450 71 0 1057129200
7955 219 1 1168329600
6542 324 1 1153378800
6591 236 1 1154242800
1392 73 1 1054105200
2443 81 0 1090393200
1197 81 1 1045123200
6219 324 1 1148886000
1707 73 1 1067756400
2184 104 1 1082703600
7918 264 1 1168329600
8309 259 1 1168934400
3978 206 1 1121151600
5817 179 1 1142406000
7351 346 1 1164700800
477 29 1 1001142000
3623 160 1 1114412400
12348 457 1 1190790000
10360 370 1 1180508400
8348 256 1 1169107200
10953 283 1 1183878000
4536 166 0 1127458800
2244 93 1 1084518000
2244 216 1 1112252400
4530 175 1 1127372400
6914 350 1 1159599600
4977 290 1 1133683200
10793 449 1 1182927600
4794 142 1 1130482800
4795 223 1 1130569200
9357 283 1 1174633200
9365 414 1 1174719600
522 44 1 1006588800
2831 166 1 1100592000
4852 269 1 1131609600
8336 396 0 1169107200
10467 519 1 1181199600
2315 146 1 1086678000
5468 160 1 1139558400
6404 230 1 1151996400
2046 93 1 1077955200
3584 187 1 1113634800
9336 283 1 1174546800
7740 404 1 1167724800
4689 160 1 1129100400
4689 220 1 1154329200
9313 283 1 1174460400
3765 139 1 1117350000
6924 371 1 1159772400
8601 344 1 1170403200
8864 295 1 1171872000
11127 494 1 1184742000
4853 175 1 1131609600
10023 2 1 1178953200
4322 235 0 1125298800
8355 345 1 1169107200
9427 314 1 1175151600
10551 333 1 1181458800
926 40 1 1031814000
5125 110 0 1135584000
5176 143 1 1135929600
2784 145 1 1099206000
2975 3 0 1103184000
2975 120 0 1103184000
3368 2 1 1109404800
8444 283 1 1169452800
8333 372 1 1169107200
9569 174 1 1176188400
10773 296 1 1182927600
12337 283 1 1190790000
1056 3 1 1039766400
6443 278 1 1152342000
3055 146 1 1104134400
4431 195 1 1126335600
7115 237 1 1162710000
1683 92 1 1066806000
9086 322 1 1173340800
8159 259 1 1168502400
10934 517 1 1183878000
11388 366 1 1186038000
11622 497 1 1187334000
2625 145 1 1094972400
5763 226 1 1141977600
7804 231 0 1167811200
5358 175 1 1138176000
5578 220 1 1140681600
8155 220 1 1168502400
8302 355 1 1168934400
5496 262 1 1139904000
1016 44 0 1038297600
4206 79 1 1123916400
8044 347 1 1168329600
12096 522 1 1189580400
1088 39 1 1041062400
4329 154 1 1125385200
8971 239 0 1172563200
1413 81 1 1055228400
3019 167 1 1103788800
3507 179 1 1111993200
5409 262 1 1138694400
12664 356 1 1192604400
5249 263 1 1136620800
1206 3 1 1045555200
6226 326 1 1148972400
7187 389 1 1163059200
8126 219 0 1168416000
3423 183 1 1110700800
4661 104 1 1128841200
7129 2 1 1162710000
5876 228 1 1142924400
7795 314 1 1167811200
9259 324 1 1174201200
7668 2 1 1167206400
9734 121 1 1177398000
2805 120 0 1099900800
6776 298 1 1156834800
6057 104 1 1145862000
8762 309 1 1171267200
598 19 0 1009353600
7384 397 1 1165046400
2880 133 1 1101628800
6709 217 1 1155970800
5001 253 1 1134115200
5214 266 1 1136188800
8511 344 1 1169798400
10119 283 1 1179212400
9030 259 1 1173340800
363 14 1 991983600
7348 339 1 1164614400
7574 169 1 1166688000
12016 457 1 1189321200
1317 80 1 1050390000
2369 81 1 1088319600
10507 283 1 1181286000
1023 5 1 1038729600
3340 175 1 1108713600
1324 73 1 1050562800
4605 266 0 1128150000
3293 98 1 1107676800
6734 289 1 1156402800
3707 234 1 1115967600
10234 158 1 1179730800
1176 49 1 1044345600
1917 86 1 1073721600
6493 104 1 1152774000
7912 314 1 1168329600
2553 146 1 1092985200
5350 234 1 1138089600
6190 110 0 1148281200
9456 283 1 1175324400
9835 83 1 1178434800
406 0 1 995612400
2961 142 1 1102924800
8898 283 1 1172131200
9226 353 1 1174028400
9520 79 1 1175756400
196 15 1 974880000
685 25 1 1012809600
6024 231 1 1145257200
852 40 1 1026025200
5466 2 1 1139472000
1686 92 1 1066806000
3362 127 0 1109232000
4491 219 1 1129532400
4491 234 0 1126854000
3291 94 1 1107676800
3807 241 1 1118041200
4227 142 1 1124089200
11495 346 1 1186556400
2661 121 1 1095750000
1367 80 1 1052636400
7780 219 1 1167811200
11575 467 0 1186988400
12981 121 0 1194073200
1163 83 1 1044000000
8248 396 1 1168848000
9345 220 1 1174633200
1057 73 1 1039852800
8157 259 1 1168502400
12713 596 1 1192777200
8978 313 1 1172649600
304 13 1 985590000
304 73 1 1045987200
10542 283 1 1181458800
12194 457 0 1190185200
12933 2 1 1193814000
4147 121 0 1123398000
4701 225 1 1129273200
7021 324 1 1162018800
1006 3 1 1037865600
6585 344 1 1154242800
10344 476 1 1180422000
1239 48 0 1046851200
6438 252 1 1152342000
9866 220 1 1178521200
7679 309 1 1167292800
7679 372 1 1167897600
8651 450 0 1170748800
10196 441 1 1179558000
6580 165 0 1154156400
11582 310 1 1187074800
2896 146 1 1101888000
2896 438 1 1183100400
3827 92 1 1118646000
6160 263 1 1147676400
6241 250 1 1149404400
12025 485 1 1189321200
12658 594 1 1192604400
2177 80 1 1082530800
11159 283 1 1184914800
68 0 1 951724800
636 5 1 1010217600
4782 262 1 1130310000
3366 179 1 1109404800
8354 370 1 1169107200
10638 283 1 1181977200
5833 297 1 1142492400
8451 344 1 1169452800
11630 360 1 1187334000
339 2 1 989737200
3941 251 0 1120719600
10400 457 1 1180681200
10413 493 1 1180767600
3163 123 1 1105516800
3279 184 1 1107331200
1020 39 1 1038470400
1858 103 1 1072425600
1139 73 1 1043222400
4290 142 1 1124953200
5684 289 1 1141372800
3842 235 1 1118991600
4294 145 1 1125039600
6877 220 1 1158908400
12243 283 1 1190444400
570 1 1 1008230400
838 51 1 1024902000
838 65 1 1043827200
4072 143 1 1122620400
4591 197 1 1127977200
12476 371 1 1191394800
236 11 1 978508800
141 0 1 962348400
1964 121 1 1075276800
11749 17 1 1187938800
3108 2 1 1104566400
5067 155 1 1134892800
609 52 1 1009526400
9092 283 1 1173340800
3473 142 1 1111388400
3473 166 1 1111388400
3473 175 1 1111388400
1429 94 1 1055833200
3634 83 1 1114585200
3634 121 1 1114585200
4849 149 1 1131609600
11098 283 1 1184569200
4301 175 1 1125039600
5408 217 1 1138694400
10611 81 1 1181804400
2492 2 1 1112511600
2492 157 1 1091343600
7807 313 1 1167897600
7879 103 1 1168070400
12257 121 1 1190444400
1225 81 1 1046332800
1225 83 1 1046332800
1648 91 1 1065250800
10303 259 1 1180162800
3948 143 1 1120719600
4934 214 1 1133078400
1046 28 1 1039420800
5852 314 1 1142665200
1196 65 1 1045036800
1811 95 1 1071475200
11981 445 1 1189062000
11210 476 1 1185174000
4235 217 1 1124262000
11840 220 1 1188370800
12115 283 1 1189753200
562 1 1 1008057600
1490 92 1 1058684400
1676 106 1 1066374000
3711 158 1 1116054000
8134 2 1 1168416000
3835 167 1 1118818800
9718 283 1 1177311600
11739 283 1 1187852400
716 47 1 1014192000
5529 301 1 1140422400
5727 231 1 1141718400
12931 333 1 1193814000
7474 314 1 1165910400
1531 102 1 1060153200
3230 195 1 1106640000
6921 240 0 1159772400
12844 121 1 1193382000
9528 375 1 1175842800
3152 140 1 1105257600
2558 150 0 1093158000
3988 196 1 1121324400
11995 450 0 1189234800
354 29 1 991033200
487 40 0 1002610800
1463 96 1 1057647600
500 39 1 1004166000
250 14 1 979977600
11871 537 1 1188543600
5905 220 1 1143097200
11983 570 1 1189062000
2246 144 0 1084518000
2408 148 1 1089442800
11475 283 1 1186470000
11910 338 1 1188716400
1551 1 1 1060844400
12208 485 1 1190271600
412 25 1 995871600
5204 243 1 1136102400
7959 338 1 1168329600
8598 449 1 1170403200
9714 283 1 1177225200
10130 316 1 1179212400
10130 415 1 1184569200
11887 485 1 1188630000
12051 283 1 1189407600
