1 1052,2825,10336,18482,20044
2 4409,10568,10926
3 910,3916,4420,9030,14543
4 1530,18511,18520
5 7037,10513,11159
6 9275,14593,16879,20619
7 6875,9517,10060,13179
8 714,6257,11207,17788
9 4229,5342,5471,13873,17954
10 3311,14578
11 1160,2162,5459,10492,18723
12 717,9292,9382,20585
13 14668,14786,15640
14 5251,7463,9360
15 5175,6655,7357,8610
16 6075,9395,12143,17203,19189
17 4787,8418,12965
18 9539,11612,16658
19 7587,8138,16558,18756
20 2940,4503,6931,17545
21 195,917,4339,16167
22 3897,11497,11812,20512
23 5752,6970,7147,8260,11084
24 5504,5953,7087,12552
25 7848,14737
26 1593,12242,19124
27 1096,2236,10470,14903
28 1287,7622,13999,14729,18536
29 10468,12182,12560
30 1593,1920,6719,7119,9966
31 5982,7499,17147,17201,17381
32 28,1202,17557
33 811,1275,4137,10210,12941
34 2667,10983,14327,16132
35 365,5300,6616
36 1828,7224,14763
37 9244,14495,14629,20119
38 9575,16474
39 12385,18360
40 4906,6817,14879,16228,18957
41 370,4539,12510,20449
42 203,1891,2548,15395
43 447,13319,15589,19194
44 3898,9281,13802,18908
45 365,4716,7019
46 7813,8197,12819
47 359,4067,6193,10951,11322
48 6869,19907
49 106,4829,9885,11572,12288
50 7170,8644
51 8712,11145,14797,19982
52 3502,11800,15351,20555
53 103,956,17036
54 2923,12380
55 4910,8346,11693
56 8347,9224,16276,18867,19051
57 2656,5831,11452,12823
58 6060,6137
59 9006,16825
60 5566,13605,20349
61 6599,11024
62 2997,6008,7486,16821,20623
63 11261,19401
64 802,17486
65 5351,10147,17630
66 374,9163,9907
67 3769,11362
68 6330,7198,9401,14449
69 13216,13390
70 5756,11850,13448
71 3567,3895,4568,15509
72 11384,11792,16584
73 1015,7917,15373
74 1794,2821,4460,6353,20397
75 268,5846,8620,13119,19890
76 8191,12674,14927
77 1144,7170,15581
78 10672,13642,13685,14674,15449
79 3052,7623,20374
80 6633,13023,14278
81 5882,6975,14834,17596
82 2861,8849,11217,11997,13114
83 6200,13098,15273
84 7953,10280,11973,14017,20519
85 4902,7684,7699,8525,11734
86 12449,15688,17031,20032
87 891,15631
88 2706,19571
89 1632,17292
90 10507,19133,19926
91 388,4532,5752,12035,15226
92 4780,5513,7575,14267,19895
93 3323,3678
94 9546,14549,17215
95 1655,10449,14083
96 12391,15783
97 5249,13726,16676
98 5891,16265,18521
99 4344,16171
100 4619,6415
101 4015,17694,18141
102 5278,11518,11586,13995
103 4088,16578
104 3032,14170,20314
105 2279,5025,10151,17981,19088
106 11440,12912,13297
107 2721,12267
108 398,20411
109 1273,5947,9045
110 283,11299,20087
111 4041,5465,8735
112 7978,15132,19220,19549
113 7337,8398,9803,13537
114 8791,15071
115 388,1941,4807
116 9203,9953,13085,19278
117 536,10758,15333,20411
118 6513,6678,16629,17074,18976
119 826,8466,16187,19478,19854
120 2505,9949,10967,16361,16595
121 1342,3481,6500,20462
122 784,1318,3826,6775,10795
123 12658,13176,19731
124 1742,2692
125 9312,16125,16651,16783,20571
126 241,2457,4708,10140
127 3928,9657,16808
128 1011,6813,7443,7769,11296
129 3818,12144,14314,14966,17002
130 1935,11209,13634,15007
131 722,4794,6678,10120
132 8858,12972,13270,17229
133 1358,1553,8341,8938,10799
134 6155,18395,18437
135 9781,11302,14674,15017
136 6111,7368
137 4540,4900,8301,16674,16782
138 3197,11809,15242,15821,19466
139 7117,12342,15915
140 8531,20049
141 5074,6245,11952,19541
142 9145,17408,18569
143 5315,19619
144 5079,9045
145 357,12228,14530,16981
146 1604,9947,11492,15257,15921
147 1621,7935,10796,17067
148 11872,12682,13173,15533,20522
149 4805,6961,15635,20617
150 1165,5442,8876
151 11922,12387,19397
152 3880,8080,10154,11344,16837
153 15208,17978,18042,19609
154 5776,8748,10868,11697,18364
155 8208,10268,15998,18335
156 2691,5841,10115,10388
157 3076,3474,12914,16706,18053
158 392,1548,11569,19381
159 4934,9969,11586,11597,16413
160 3471,4455,9578,13824,15025
161 7303,10466,10721
162 2305,9146,14581,15274
163 2704,6051,11564,13443,17365
164 3334,4309,8140,11476
165 7695,10400
166 10179,13693
167 3238,14270,15493,19509,20019
168 6869,8491,8894,12671,15562
169 132,3676,4465,4637
170 9268,12219,16512,17601,17954
171 853,5104,12469
172 3866,7637,9189,10326,10905
173 11957,14596
174 4538,15975,18737
175 1785,1983,5874,9967,13999
176 12654,15711
177 11577,15194,15960,17466
178 3263,14319,14913,15967
179 6624,10575,11516
180 6383,13847
181 2803,18199
182 9466,14365,16556
183 4529,9424,14629,19371
184 2244,9675,10581,15522
185 289,12408,12614,13323,17343
186 13253,16030,16760
187 6909,10651,13183,19979
188 7669,19014
189 19,2646,6344,9304,12300
190 2913,6697,9395,13643
191 2816,6034,14061,16862
192 705,4394,5653,12658,18750
193 9369,14354
194 3657,8066,9585,12186,12235
195 7604,18216
196 6403,13481,15133,16729
197 3451,9001,17296,18514
198 13057,14541
199 7290,9140,13664,14375,16933
200 5364,8434,12835
201 3239,7682,8634,12250
202 124,3944,4919,12101,16366
203 352,688,4305,5259,10963
204 9920,10058,16114,16575,19278
205 6584,8283,10842
206 2018,9517,18764
207 12277,12638
208 5037,5175,8399,10068,18456
209 1137,3778,8003
210 777,3304,4356,9165,17898
211 11270,15937,17179,17607
212 5661,8550,18061
213 10657,13250,17720
214 5224,8217,11037,14797,20153
215 1582,3683,6419,10736
216 16292,20511
217 2793,13686,14681
218 4888,11772
219 772,14098,16286,19094,20184
220 3655,5608,10511,14182
221 867,7214,9753,11255,12429
222 4625,5889,10553,15843
223 6927,15865
224 1411,12787,17812,19513
225 860,12152,18492
226 1227,9621,10677
227 2382,6559,14694,16093
228 6353,8898,17255
229 15465,19021
230 5006,17533
231 5799,7513,18032,20524
232 3810,12915
233 2226,4009,6701,18380
234 7120,13403,18063
235 4142,5670,16745,18328
236 1557,6690,18864,20334
237 8651,18801
238 33,6546,8576,16534,19720
239 623,767,9178,13893
240 7283,12448,16097
241 2002,17275,17775,19652
242 4687,17236
243 2876,17208
244 716,2391,15319,18296,18451
245 4687,6152
246 4688,12226,13630,18413,20466
247 1381,9432
248 6136,6758
249 3236,6838,7589,11486,14988
250 4154,6104,12409,13593
251 11217,16404,17716,17775
252 923,11482,13363,13862,16328
253 1965,11545
254 3084,11760
255 6718,6963,16733
256 1934,5515,18306
257 3615,6149,11897,14937,15977
258 3293,14355,20551
259 3448,6078,6897,16319,20032
260 10606,12318,13581
261 2524,7655,14979,18114
262 8629,11678,20319
263 219,7071,15310,16027,20193
264 4547,6309,10357,18455
265 7197,8038,8415,18072
266 8150,9415,17401,18131
267 1794,2287,12001,12274,13335
268 5932,10002
269 11109,15399,16224
270 11797,16956
271 2070,17257,20146
272 4836,18260,19525,19741
273 4332,8925
274 9427,10429,18912
275 462,629,5905,9172,17026
276 7114,7423,15278,20220
277 2076,11265
278 779,4692,8447,10050,17968
279 3342,6619,11829,13161
280 318,4878,7532,10334
281 857,3195,4996,9433,14948
282 2566,8648
283 3589,16474
284 5269,5835,7146,11800
285 689,11331,12656,14253,14552
286 5794,10726,13532,15046
287 2783,5928,8667,11672
288 6366,11977,16205,19640
289 9173,10244,18849
290 602,10366,12366,14499,18678
291 3788,13660
292 839,2040,6830,9757,18753
293 3099,9404
294 3900,4935,5958,12778,19997
295 2544,13270,13596
296 5203,7210,7430,10710
297 535,5257,6821,19651
298 1831,4788
299 1229,5433,10979,18722,18991
300 6257,7921,9903,17674,19580
301 127,3832,10314,18204
302 17252,17581,20524
303 122,2727,2955,5446,10623
304 231,1602,5443,11966,15393
305 3471,10263,16656
306 2092,7600,11114,13380
307 2207,8684,10420,18006
308 7314,13966,14383,16483
309 8256,16242,19079
310 16,12233,14225
311 809,17699,17965,19559
312 1089,7561
313 752,7851,11814,12878,15477
314 1813,5506,5850,8682
315 5503,13621
316 5308,13350,16219,16392,17130
317 2552,9392
318 1841,4300,5778,17319
319 113,4943,18701,19742
320 6138,9420,13039,15517,16704
321 110,1653,15138
322 1728,7317,20409
323 8117,8264,9113,17175
324 10415,11039,13746,19664
325 1526,11309,16472
326 5822,12552,17319
327 5475,8643,8878,13178
328 6034,13282,15578,18311
329 14583,18107
330 787,11948,13906,18655,19060
331 7717,9661,15351,16878
332 4944,11670,15143,16464,19581
333 2469,4115,5025,15834,16406
334 10369,12779,13030,15400
335 1496,14217,19765
336 5234,8478,13403,16060
337 4180,10485,15375
338 2075,3312,6216,11639
339 258,10873,19774
340 1148,3824,20086,20202
341 5322,17108
342 2948,10593,11624,13870,16890
343 3034,17491
344 8024,8057
345 11899,12675,18066
346 12858,13604,14008,17168,17439
347 3751,18062
348 3838,5793
349 440,4525,10085,15652,18009
350 4429,9571,12609,17218,18215
351 7315,18429,18819
352 11368,14927,15296,15592
353 7585,13504,16316,18342,19522
354 3213,6869,8993,20496
355 12423,16725
356 5444,6479,17953,18818
357 2474,3743,5303,14483,19835
358 3477,7595,9706,12391
359 8500,10475
360 5377,7732,10113,16712
361 181,3823,11091,16801
362 4788,6591,13050,14897,19331
363 15880,19203
364 7087,14672,16129,18055,19265
365 7155,12586
366 3652,3918,7745,9275
367 731,848,5546,5876,20468
368 14073,16012,17077,19156
369 7277,18370,18690
370 5885,20442
371 5258,7488,13990,14089,14765
372 5228,5379,11253,19640,20573
373 625,1897,5807,9991
374 5014,5587,8694,14098,19237
375 1263,10664,11432,11659,19841
376 6249,8811,9083,13951,14091
377 294,936,16417
378 1556,4500,7022
379 5367,6127,12324
380 2324,18922
381 5181,11862
382 1567,9058,16264,18898
383 10832,17606,18764
384 1762,2650,3383,6811,18388
385 14938,17881,20159
386 635,4189,5425
387 16932,20514
388 6887,9396,10291,10364,16783
389 138,7223,19178,19835
390 241,2503,11302,12355,13395
391 4188,9282,11581,12624,12833
392 16769,20407
393 560,2493,16833,17297
394 10347,12044
395 2535,11099,18146,18687
396 3417,7106,13020,18050,19580
397 2174,3524,19943
398 2827,5045,5275,9779,20533
399 1586,10455,11289,17445
400 4352,9755,12553,16682
401 1309,17808,18409
402 1899,3898,11699,19196
403 110,2110,3354,3838,16345
404 2171,16348
405 808,5388,7321,11394,12364
406 4010,13824,19781
407 2377,9544,10976,11287,12082
408 4219,4623,4732,9648,20627
409 2676,7554,17567,20079
410 987,17464
411 14905,16013,19489
412 1413,3283,12896
413 2996,5732,8896,18442,19034
414 8951,16660
415 12831,17844
416 578,1733
417 1511,9157,18628
418 3230,3518,8590,12918
419 12109,14979
420 11182,18430,18633
421 187,4244,18357
422 2080,16323,19241,19697
423 1847,6902,7558,14134,19079
424 2086,3859,9411,12614,12687
425 4039,9943,12625
426 15360,16324
427 464,9531,12349,12417,14301
428 606,11490,12202
429 863,14506,17729,19910,20111
430 1658,8933,14117
431 1346,2013,6772,8134,18194
432 9356,13684,19011
433 13005,13656,15026
434 1697,9802,9812,19570,20246
435 780,18433
436 732,17497,17560,19580
437 1928,15426
438 12794,18181
439 7009,10941,18608
440 110,1622,7350,12463,18487
441 7141,17499
442 2191,5068,11641,15632,19987
443 9476,10351,12906,13892
444 12530,14959,18074
445 1823,11213,13967,17920,19768
446 12161,18939
447 13790,18730,18897
448 2053,7011,7928
449 9076,15541,17194,18902
450 1963,3585,4702
451 894,7003,12016,12644,17737
452 9986,12953,17691,20210
453 1678,8976,17200,18817
454 7341,11513
455 1980,2856,4659
456 5419,10862,11175,11466,15960
457 864,3078,7594,13630,15617
458 7068,12969,18326
459 10741,17429
460 3623,11780,17094,17819
461 10812,14013,17886,17890,19048
462 1770,4538,12915,18673
463 4341,9502
464 6503,8577,16655,16998,19231
465 1259,6785,15204,17561
466 1964,5273,5547,10523,18871
467 430,455,755,2310,7366
468 3432,6044,6139,9404
469 174,12219,16004
470 1652,2863,8117,15844,19350
471 6478,12304,12898
472 8937,12430
473 4611,20483
474 502,2441,14892
475 614,1610,4992,10116,19812
476 4569,12652,18798
477 277,3987,3996,12588,19726
478 3453,6710,9966,15067,17131
479 7324,12228
480 7146,12329,13182,13728
481 1117,5505,11575,14251,17868
482 12395,15291
483 4330,9865,17146
484 2296,11616
485 5237,7531,9951,10786,19378
486 2116,11744,12995,15579,20155
487 7959,11904,17012
488 2842,6554,7157,12773,16841
489 5646,5926
490 11491,14265,16440
491 2773,7966,12734,17779
492 9196,11873,14056
493 4462,18809
494 210,10770,13099,19038
495 5405,13825,17575,20066
496 6722,9682,10378
497 1569,4100,19848,20375
498 8199,9562,17728,20041
499 5704,11614
500 6408,7313,8656,8946,13565
501 10891,15093,20269
502 2842,3943,7034,16298
503 4533,7455,15128
504 5690,14330
505 5467,6371,15529,19497
506 2725,6236,15725
507 5746,8347,13844,19286
508 6867,9360,10036,11922,19396
509 4286,11226,15777
510 4169,6656,12231,13562
511 3488,4299,5206,9634,17241
512 694,6944,20121
513 1112,3028,6632,10945
514 720,14307,20226
515 11656,20185
516 2430,11853
517 4174,7392,10670,13873
518 3040,8349,11595,12665
519 1542,17728,18914,19231
520 4995,18783
521 12325,16771
522 3487,5418,17408,19615
523 1148,1825,13405,14855,19058
524 16728,16922
525 4086,9670,14656,15271,20011
526 1208,4032,4468,14013,17188
527 2840,3707,14990,19844
528 15589,20023
529 3076,9939,12748,17282
530 328,4949,7942,11149,17866
531 7909,11845,15192,16095
532 4078,7030,7105,14281,16814
533 11955,13558
534 219,9620,13195
535 7933,8507
536 782,13812,14086
537 1747,9302,12363
538 1066,8841,9655
539 522,2626,11631,11648,16947
540 3283,9693
541 1394,8810,11713,11990
542 17297,18939
543 3018,6878
544 7722,9159,11494,20049
545 6778,10823,11950
546 956,4630,5844,20274
547 3051,7976
548 4904,11942
549 3956,9879,10623,19201,20358
550 11538,13610,13840
551 2983,5454,6397,10902,16500
552 5250,12695
553 648,18769
554 19511,19622
555 4603,10987,18556
556 95,8252,9171,14480,18664
557 13540,20314
558 2414,6798,13912,20132,20315
559 2782,5724,5990,13032,15964
560 3160,8651
561 2275,4843,15131
562 1646,5173,12621,18492
563 455,1028,8537,9197
564 682,2740,2957
565 17257,18569
566 820,13182,19269,20470,20605
567 12639,15040,18362
568 3267,3974,12734,13725
569 43,7394,10030,20222
570 7828,10822,17692
571 3338,11759,16131
572 1869,2124,10252,15742,18484
573 1998,5787,11580,14777,15199
574 3481,10849,11425,13752
575 14066,15032
576 1976,2390,2485,4394,9237
577 5574,12287,13125,18209
578 4094,8191
579 953,11463,17441,20443
580 1702,2813,9477
581 4993,14470,15228,15364
582 3340,11172,11525
583 1672,9651,11765,17415,17877
584 633,4439,10113,18386
585 6188,9994,13933,14665
586 12652,13248,15167,18725
587 2648,6242,19389
588 1963,4897,9632,10724,14870
589 7347,19012
590 2101,4323,9821,14625,15294
591 13562,13585,18927,20287
592 3750,5711,11982
593 5590,7852,10491,11783,19827
594 4711,7732
595 625,2361,6611,17621,18130
596 889,6066,6104,7551
597 16286,18931
598 3859,4913,5661,14484,17319
599 3466,3944,8966,10907
600 7024,8499,11140,15175,18975
601 9687,16128
602 10130,11179,16820
603 7633,8937,15492
604 5359,12880
605 733,8118,12345,13332,15082
606 3339,7361,8271,11220
607 2334,6873,12610,19424
608 3353,7856,16172,17488
609 15481,16526
610 8164,11508,15067,16285
611 13199,13285,15142
612 10274,10772,10995,15291
613 13327,18462
614 3983,11041
615 272,1499,6432,17748
616 2952,3398,6682,11472,16635
617 943,7229,16946
618 6150,7267,8727,9091
619 640,1961,4052,10959,12252
620 106,1565,3073,3513,19124
621 6490,6545,9138,9502,11036
622 11667,13802,18443,19570
623 1804,6943,13192,15157,15256
624 4378,10559,10999,13978
625 1030,4421,4861,9532,12956
626 1212,10523,10943,11169
627 4985,6912,15760
628 10333,10871,12146,15440
629 728,3399,11399,11914,16219
630 6707,7299,7366
631 1457,6305,7345
632 904,3547,3806,9028
633 16125,18945
634 8226,9280
635 3218,14248
636 7818,7897,12231,15621,19003
637 2076,5502,6988,19987
638 187,7378,11433,13247,18619
639 4490,5798,16380
640 3795,9945,11863
641 4146,7529,17624,18495
642 4934,6526,10346,13568,13668
643 2141,3262,17903,19038
644 5122,5162,10506,12113,18979
645 1788,3088,3379
646 2639,6836,11564,18514
647 10179,11602,16812
648 3432,3862,5362,5778,12536
649 8677,9246,17460,19700
650 2408,19757
651 2932,14907,15338
652 8672,11046
653 3282,8684,9160,11742,12536
654 352,724,4614,5939
655 9654,14261
656 4421,5879,10681
657 1212,14339
658 440,13509,13665,15047
659 6593,12792,13580,13617,17096
660 2467,2562,6001,10070,12293
661 7487,12778,14745,19306
662 504,6961
663 4885,16133
664 931,3455,3794,17314
665 1569,11644
666 1633,1942,17858,17959
667 5093,7734,10080,13575,19746
668 3695,7501
669 175,7764,14365
670 2275,11902,20384
671 7872,10446,13462,18299,19354
672 4851,5335,6722,11412,14249
673 106,3654,15583,15720
674 8216,11855,19137
675 10743,18846
676 2736,12985,18770
677 2380,3152,15621,16628
678 1833,15908,17564
679 8983,13742,19681
680 7280,9111,12040,12932,15427
681 665,11808,16422
682 9014,12894,13765,16482
683 3054,9252,12212,19434
684 270,2714
685 2178,6467
686 3252,4858,8163,17930,18471
687 10521,11220,12534,13672
688 3497,3525,4588,10247,12820
689 5633,11805,15079,15481
690 5335,6996
691 15491,17176,19267
692 5201,10811,13263,18047
693 4289,7430,10934,12456,17989
694 2694,3052,4705,19387
695 8161,11126,13760
696 5668,16369,18694
697 4433,17116,17890
698 6326,14375,14653
699 3818,10403,19183
700 1194,3034,7768,15248
701 4339,12248
702 4799,5322
703 7299,10521,19423
704 4337,13132
705 8206,17711,20478
706 5107,5389,11334,14032,18232
707 6770,6802,7328,18026,19940
708 2534,3372,10593,12115
709 9946,13531,15979
710 4003,4218,7138
711 8153,9474,10675,19053
712 15854,17892
713 6468,9608,11685,11996,19863
714 10119,17833
715 9987,13527,13769
716 210,3799,13134,19298
717 8360,12496,18586
718 6422,6556,7290,7594,9030
719 1774,12357,15323
720 10300,19583
721 8424,11388,12023,15192,15257
722 3564,7872,13998,15687,19332
723 8918,12242
724 9066,13998,17329,19173
725 1651,4153,9819,12916
726 2668,7064,17945
727 3432,7096,13051
728 6187,7805,15794
729 1943,8101,10880,16732,19898
730 3875,12023
731 4155,10622,12098,16871
732 4360,6814,7895
733 8,8236,8890,11917,19536
734 18890,20409
735 845,2311,5720,10433
736 5088,6085
737 2466,12148,13265,20388
738 1988,2389
739 244,4218,9344,11042,20308
740 1787,3055,8330
741 1161,6632,10720
742 2110,9312,11908,16433
743 5083,5487,5500,9058,18132
744 8978,11728,16116
745 2262,5511,7944,9780
746 5638,9962,14775,16803
747 9561,12293,13212,15694,15750
748 3296,5246,8264,14769
749 2533,6927,7361
750 65,14969
751 678,2288,4166,11205,20130
752 5854,7573
753 3214,3444,19761
754 5409,6090,7187,10883,12624
755 6864,12146,12177,16516,20240
756 1849,2121,2176,6983,19982
757 4343,5840,10825
758 2459,5609,12056,12852,16107
759 6664,8201
760 883,8379,9867,14008,18563
761 7834,13319,14329,15656,18890
762 3029,16337,20008
763 3588,10594
764 9736,17909
765 1789,3627,5575,11811,13123
766 13588,13711,17738
767 10424,12489,15413
768 2645,6141,11025
769 3323,7247,12171,20268
770 6142,11308,18052
771 2055,5302,5779,9860,16142
772 8044,9233,14098
773 206,5740,7211,11498
774 3219,10040,12034
775 1789,17461,19319
776 5858,6910
777 1246,7529,20584
778 12590,13433,18580,19037
779 1594,7354,8025,9945,15058
780 1393,9630,14159,20586
781 3141,3725,10515,17196,20531
782 5345,6662,17466,18365
783 5307,18683,20186
784 2006,2762,7806,7925
785 5482,13696,14277,18426
786 1297,16972,19398
787 11480,12041,19205
788 2421,15228
789 1076,2563,4346,12211,17356
790 2165,2818,10111,13402,14501
791 795,12312,16071,18668
792 1180,15145
793 12382,17980,19356
794 395,1647
795 16997,18751,19537
796 511,4720,7377,10022,19106
797 1931,12395,19792
798 9966,12730,19155
799 2173,7673,9543,20400
800 2366,5976,12425
801 2910,9870
802 4423,11418,13501
803 4716,8800
804 7802,10610,11904,15640,18503
805 2289,7947,19391
806 2112,8494,8663,9625,16709
807 1072,1746,11882,13454,17230
808 1214,2069,2365,3840
809 1155,2507,7145,8702,12629
810 6021,18038
811 444,2934,6628,8506,10958
812 4041,4352,13100
813 749,4142,6403,9541,13063
814 2177,4993,7848,13039,16521
815 78,5793,12211
816 2983,9361,9759,18967
817 429,3976,7928,9636,12480
818 4813,12586,19221,20266
819 1598,12460,17983
820 2623,13338,16243
821 4616,9737
822 244,3231,6800,11078,13412
823 6213,8222,10753,14753,17711
824 3891,8225,8981,20624
825 4378,7094,16865,18219
826 15342,15654
827 2872,3695,12639
828 7112,15512
829 370,7086,9299,16960
830 7284,7834,12771,14617
831 6855,7956,12609,16245,18853
832 777,3662,12847,15111
833 2110,8199,14507,15090,19194
834 9255,18633
835 5813,10667
836 148,13130,15301,18046
837 498,8444,14451
838 3774,15699
839 11974,15022,19890,20600
840 4386,12959
841 14699,17219
842 590,738,16117,17369
843 14094,19113
844 15182,16854,19123
845 6616,7116,14578
846 10889,11089,17147
847 5021,5959,9321,13235,16750
848 14018,19221
849 2430,8720,12753,12797,17813
850 5490,9371,14643,16461,19845
851 13157,16776,20255
852 457,4448,20533
853 9128,9358,17177
854 311,4091,15861,20454
855 3954,6326,9708
856 320,7366,16594,19644
857 2083,6310,6458,8916,12124
858 323,7676,11303,19978
859 251,3642,4597,19049,19632
860 11887,12828,14551,15780,17045
861 924,10981
862 12098,15448
863 7417,10192,12355,15195,16889
864 2164,4604,7425,10881,14318
865 10763,12451,12945,19580
866 3218,4939,11334,13254,17066
867 4773,19097
868 1451,7759,18316
869 5011,14955,17053,19190
870 3050,10076,15378
871 6461,19310
872 6158,19538
873 3631,11606
874 8627,15133
875 1126,4128,14776,18883
876 7750,13310
877 2984,3159,4158,14536,14868
878 3810,18738
879 2692,13436,15180
880 4613,12642,20221
881 560,8200,13599
882 1298,12746,20537
883 7118,10634,12738,18871
884 1192,1811,2496,3220,19521
885 5663,14128
886 1370,4800
887 259,11917
888 7762,16667
889 3639,5543,13044,16979,18676
890 16196,16200,17393,18403,18788
891 57,3815,6693,19004
892 13711,15114
893 4525,4785,5586,7487,15174
894 2608,5628,18789
895 3856,11998,19997
896 6835,7115
897 8366,11448
898 6163,9676,18180,19748
899 1244,6210,7141,10878,12440
900 8284,12974
901 16405,19067
902 2453,3060
903 6415,10579,15798,20324
904 1722,8147,14509
905 11219,14672,15888,17638
906 948,12430,15058
907 3203,6742,19705
908 9153,15723
909 1533,6062,13866,16180,20248
910 1060,2259,7251,13112,19906
911 5535,6435,6503,8278,15574
912 15625,15959
913 949,2320,2933,5487,6728
914 10269,10508,12708,17417,19012
915 6959,14096
916 8832,9157,9666,17025
917 4507,10035,10113,10216,19818
918 4172,18359
919 6600,10872,13100
920 4614,12230,14731,16403
921 1436,7206,13194,18213
922 1825,11686,14526,17967
923 3932,11735,19654
924 6641,8603,8680,16224
925 9936,10490,16815
926 6662,7342,8184,11892
927 3259,14581,17988,19382
928 1045,4518,12451,16182
929 8584,9253,11731,19791
930 1770,12142,13338
931 3894,4866,7154,17605
932 3098,5746
933 8333,20135
934 2563,13853,14973,15638,18719
935 922,16368,19371
936 6958,7827
937 1730,2725,7316
938 7056,8452,13818,16923,17524
939 8659,12950,16110,16805
940 2913,6594
941 465,3970,12235,19858
942 1609,2813,8171,19259
943 1516,5499,11662
944 2490,5399,14268,19734,19917
945 3333,13000,14035
946 4062,6147,13289,19237,19764
947 6641,7732,13994
948 3890,6152,10087,16336,17541
949 2405,7901,11094,14070
950 2140,5273,6084,6160,7007
951 2384,3072,9537,19663
952 11717,20432
953 5522,7821,8277,16564
954 207,1909,7550,13532,14869
955 17384,20002
956 3536,8592,9285,18605
957 14869,18927
958 12045,18338
959 7393,8696,18691
960 7289,7321
961 6213,6819,13968,15078,18832
962 10048,11408,13924,15177,19407
963 2272,3455,8534,11597,16373
964 1958,3830,7160,18385
965 7773,12467,12846
966 6173,7472,15307,16819,18849
967 5811,12116,18859
968 18628,19650
969 5393,12090,14309
970 5383,12298,15661
971 4301,8161,8995,14702
972 2209,3764
973 14,2651,8407
974 2125,8856
975 8625,9065
976 2618,5752,13801,14746
977 11695,12287,12347,18377
978 2096,7601,7856,13286,15770
979 6650,9798,19189
980 3973,8335,14938,16955
981 13349,17417,19541
982 4836,5889,9476,18881
983 5131,10376,18179,18921
984 1416,3425,17766,18590,19280
985 3290,3563,12297,12909,19985
986 5510,9935
987 4895,15007,15054,18369
988 638,1826,2774,6554,9154
989 11108,15487,16935
990 1037,11756,19635
991 1103,1833,16260
992 2957,6909,12770,16847,17901
993 1461,7402,14786
994 77,2620
995 446,1275,7405,14409
996 5282,13082
997 602,4662,15725,16121,19710
998 1823,3879,12363,14054,19053
999 1287,1772,11937
1000 3392,3640,20318
