708 918 0 1436931335
69 3823 1 1436944530
525 3823 1 1436944530
664 996 1 1436949934
664 995 0 1436949937
664 242 1 1436949940
664 2611 1 1436949945
664 243 1 1436949946
622 17595 0 1436976591
622 17594 0 1436977008
622 3987 1 1436977281
22 4459 0 1436993231
369 9 1 1436996353
324 13139 1 1437021896
324 9089 1 1437022440
818 10408 0 1437075472
622 5330 1 1437084243
622 1243 0 1437085184
891 4956 1 1437089275
622 447 1 1437090188
622 17593 1 1437090628
852 822 1 1437104790
964 2893 0 1437142237
964 16197 1 1437142272
264 822 1 1437164285
823 4 1 1437166042
622 15841 1 1437166169
823 7494 1 1437166346
823 17596 1 1437166697
823 3987 1 1437169224
823 5330 1 1437169227
966 448 1 1437177818
622 448 1 1437189072
826 17531 1 1437248659
929 8467 1 1437249250
622 15839 1 1437269430
705 1069 1 1437269853
972 1069 1 1437269853
20 21091 1 1437284443
20 21090 1 1437284589
622 15630 1 1437292263
318 275 1 1437301913
20 7784 1 1437333056
540 1459 1 1437340160
700 4145 1 1437352421
193 469 0 1437370613
193 956 1 1437370798
167 1861 0 1437371825
220 1861 0 1437371825
851 4127 0 1437382275
851 6954 0 1437383674
719 4157 0 1437384567
851 9630 1 1437385002
719 2265 1 1437392363
135 11183 1 1437414427
966 2793 1 1437414749
966 1105 1 1437414751
966 10521 1 1437414753
251 1958 1 1437422127
787 5935 1 1437423337
787 787 1 1437423942
787 7168 1 1437423946
787 535 0 1437423954
787 785 1 1437424410
286 380 1 1437425238
286 1344 1 1437425287
564 11946 1 1437438508
622 6819 0 1437455470
851 9629 1 1437457751
851 7314 1 1437458647
851 9628 0 1437458654
851 9627 0 1437458659
851 9626 1 1437458701
851 9625 1 1437458786
851 9561 1 1437458809
851 9565 1 1437459099
851 4281 1 1437459194
851 6689 1 1437470175
851 9624 1 1437470359
308 10 1 1437473470
108 16203 1 1437499900
896 39 0 1437506639
540 2079 1 1437515517
190 5699 1 1437518394
622 15842 1 1437530180
6 45 0 1437558992
889 2456 0 1437577130
889 1533 1 1437579200
311 5699 0 1437580903
30 21 1 1437616615
30 169 0 1437616634
324 15842 1 1437628136
75 9767 1 1437628982
6 785 1 1437642420
374 7021 1 1437651916
622 17592 1 1437694371
622 2873 1 1437697014
622 17591 1 1437715097
148 1245 1 1437718871
917 1245 1 1437718871
42 6576 1 1437729753
42 5973 1 1437731237
84 2550 1 1437731240
42 6575 1 1437731268
42 6574 1 1437731364
42 6172 1 1437731381
42 6573 1 1437731420
897 20840 1 1437748990
279 18423 1 1437760530
866 18423 1 1437760530
423 336 0 1437791126
423 3240 1 1437791128
423 382 0 1437791129
423 105 1 1437791130
423 69 0 1437791130
423 3239 1 1437791132
423 374 1 1437793964
423 1124 0 1437794032
423 3238 1 1437794033
622 12725 0 1437801906
622 10826 1 1437803740
625 592 1 1437804709
550 3157 1 1437865376
550 3156 1 1437865478
571 317 1 1437879211
571 1157 1 1437879212
571 4793 1 1437879213
571 5265 1 1437879214
571 3459 1 1437879215
571 3458 1 1437879218
571 8854 0 1437879220
571 3457 1 1437879221
571 4078 1 1437879222
571 8694 0 1437879226
571 3638 1 1437879564
571 4072 1 1437879567
571 14589 1 1437879569
571 7355 1 1437879574
571 8849 1 1437879576
571 14588 1 1437879586
571 14587 0 1437879587
571 14586 1 1437879592
571 14585 1 1437879594
571 14584 0 1437879595
571 14583 0 1437879599
571 14582 1 1437879600
884 1447 1 1437888284
903 1206 1 1437917229
913 5494 1 1437921244
119 12 1 1437953081
889 4441 0 1437958128
111 28 1 1437965455
568 9 1 1437968070
568 9 0 1437968070
828 9 1 1437968720
324 15630 1 1437972060
42 6572 1 1437980361
781 1419 0 1437980706
804 16 1 1437988278
844 16 1 1437988278
301 1063 1 1438014564
545 1063 1 1438014564
34 454 1 1438028933
724 10393 1 1438030094
731 6819 1 1438046291
767 12 1 1438047059
828 5636 1 1438050919
568 7958 1 1438055346
568 8158 1 1438055654
568 8157 1 1438055726
610 45 0 1438055776
796 5983 1 1438056296
622 5979 1 1438062768
135 11182 1 1438100120
622 14974 1 1438101423
813 1468 1 1438104613
813 1270 1 1438104619
721 87 1 1438116838
785 87 1 1438116838
721 178 1 1438116841
785 178 1 1438116841
836 295 1 1438119441
836 354 1 1438119443
324 15841 0 1438145201
324 2233 0 1438145225
652 2462 1 1438181191
721 45 1 1438198455
785 45 1 1438198455
708 15475 1 1438228041
816 32 1 1438228322
726 15 1 1438240866
652 9691 1 1438261939
652 7629 1 1438261941
1000 7824 1 1438283653
1000 5691 1 1438283729
677 11171 1 1438311335
419 6654 1 1438316977
419 6111 1 1438317343
561 3908 1 1438354998
726 3908 1 1438354998
47 2519 0 1438365926
622 15840 1 1438369501
622 446 1 1438406130
942 591 1 1438412115
620 19345 1 1438436899
620 14557 1 1438436998
34 5888 1 1438492034
34 5887 1 1438492040
34 5886 1 1438492043
148 16507 1 1438556079
917 16507 1 1438556079
155 15123 1 1438559710
155 6269 0 1438559711
155 6268 1 1438559730
622 1460 1 1438576966
510 20019 1 1438592170
961 20019 1 1438592170
510 20018 1 1438592207
961 20018 1 1438592207
510 20017 1 1438592284
961 20017 1 1438592284
510 13007 1 1438592324
961 13007 1 1438592324
550 3155 0 1438597618
760 7958 0 1438612788
823 2267 1 1438617979
251 2871 1 1438621663
389 129 1 1438622567
425 14196 1 1438626425
827 14196 1 1438626425
342 1084 1 1438631424
787 10 1 1438641686
813 10 1 1438641686
436 634 1 1438654228
889 634 1 1438654228
1000 7479 1 1438656125
148 1185 1 1438668511
917 1185 1 1438668511
216 12 1 1438682577
463 1364 1 1438697972
228 20312 0 1438700722
984 15 1 1438714387
984 634 1 1438714735
984 190 1 1438715665
984 372 1 1438715714
984 1238 1 1438717867
233 10324 0 1438746083
47 3847 0 1438771146
331 5518 1 1438793352
472 544 1 1438793984
667 8306 1 1438795511
984 18 0 1438798215
331 4995 0 1438799183
383 225 1 1438799243
234 5842 0 1438804398
791 69 1 1438818886
745 213 1 1438861176
226 7494 1 1438870321
834 7448 1 1438880118
622 15974 0 1438885138
292 3740 1 1438895516
822 3740 1 1438895516
579 20398 1 1438951822
324 3155 1 1438965843
284 710 0 1438970415
579 20397 0 1438978612
1000 8878 1 1438983722
423 774 1 1439002567
324 6931 0 1439008100
324 15840 1 1439008302
148 3195 1 1439011936
917 3195 1 1439011936
25 774 1 1439017515
943 308 0 1439025602
657 1130 0 1439058123
657 1158 1 1439058177
973 1381 1 1439072582
519 1727 0 1439078367
519 4434 1 1439078401
461 5335 0 1439079684
461 9775 1 1439079719
233 10323 1 1439080711
324 10938 1 1439095944
453 604 0 1439147153
973 10939 1 1439148288
324 1274 0 1439171606
896 391 1 1439184812
47 15415 0 1439209447
552 38 1 1439231207
552 368 1 1439231265
552 367 0 1439231319
552 1008 1 1439231444
552 5218 1 1439231445
622 17590 1 1439235236
989 2302 1 1439246222
731 12725 1 1439262028
731 8344 0 1439266138
342 16174 1 1439281785
324 5979 1 1439296087
324 15839 1 1439296364
324 2267 1 1439298574
764 20 1 1439307889
764 3 1 1439307905
764 3 0 1439307905
973 2961 1 1439316537
436 36 1 1439320197
889 36 1 1439320197
838 8383 1 1439320573
407 9 1 1439348509
520 2605 1 1439355513
195 2249 1 1439367211
195 2464 1 1439367277
520 1092 1 1439394657
766 8594 1 1439396408
34 36 1 1439413262
261 64 1 1439427207
504 255 0 1439442996
731 2873 1 1439485787
148 18384 1 1439521985
917 18384 1 1439521985
148 6884 1 1439522535
917 6884 1 1439522535
193 488 1 1439532457
760 2288 1 1439533201
760 3498 1 1439533202
760 1998 1 1439533204
760 3497 1 1439533205
520 85 0 1439541107
266 2507 1 1439543412
6 3543 1 1439564938
929 6706 1 1439566848
897 20839 1 1439601061
897 12673 1 1439601254
622 9349 0 1439616792
622 17589 1 1439617728
622 13309 1 1439617755
622 10080 0 1439618824
190 18590 0 1439618850
622 9709 1 1439619019
200 1067 1 1439638058
652 2415 1 1439642258
259 1359 1 1439656777
801 1043 1 1439690847
801 64 1 1439692536
801 90 1 1439693778
622 4021 1 1439708724
35 13753 1 1439712825
861 13753 1 1439712825
342 149 1 1439722076
342 6122 0 1439728017
18 774 1 1439728725
82 308 0 1439731702
6 843 1 1439736280
30 64 1 1439756119
128 2366 1 1439758097
995 15 1 1439759180
622 9689 0 1439760623
622 3154 0 1439771095
429 3 1 1439787740
429 10 1 1439787814
342 2137 0 1439807170
342 2659 1 1439807173
828 5098 1 1439826102
818 11815 0 1439850191
818 4326 1 1439850258
818 10495 0 1439850305
47 13915 1 1439850751
731 17609 0 1439850943
194 13947 1 1439865755
222 13947 1 1439865755
632 33 1 1439867307
870 2850 1 1439872115
595 1493 1 1439892930
790 1493 1 1439892930
34 559 1 1439907798
342 1060 1 1439921119
675 2326 1 1439926540
675 342 1 1439926557
675 7578 1 1439926578
675 9492 1 1439930108
829 9614 1 1439932460
874 13158 1 1439948918
194 9 0 1439950548
222 9 0 1439950548
622 2252 0 1439958730
342 1526 1 1440004913
605 10898 1 1440010037
675 1497 1 1440011243
675 474 1 1440012486
675 3090 1 1440019958
622 11536 1 1440042310
342 3921 0 1440075420
342 832 1 1440080351
251 1144 0 1440095613
324 10876 1 1440130008
235 96 1 1440130032
928 9 1 1440130888
928 58 1 1440134501
59 1270 1 1440176802
731 10826 0 1440179382
73 1003 1 1440180255
515 1003 1 1440180255
1000 3848 1 1440186924
1000 1561 1 1440186941
504 48 1 1440208369
327 222 1 1440214507
327 9218 1 1440214547
327 492 1 1440214941
226 1879 1 1440250645
342 3464 0 1440258633
838 10860 1 1440262598
838 10859 1 1440262753
838 3826 0 1440262784
407 5018 1 1440272745
719 3506 1 1440283494
244 1482 1 1440292976
56 3630 1 1440295256
86 2049 1 1440302995
190 6032 0 1440321057
553 17354 1 1440323951
342 6556 1 1440326716
69 848 0 1440329369
525 848 0 1440329369
47 20448 1 1440371413
233 10322 1 1440376597
794 2248 1 1440379653
742 368 1 1440393424
719 12 1 1440413491
558 15 1 1440418967
68 8588 1 1440442088
579 2755 0 1440450692
579 11250 1 1440451194
798 434 1 1440452931
622 17588 1 1440462822
227 871 0 1440519382
742 815 1 1440524136
742 589 0 1440526657
742 322 1 1440526688
742 814 1 1440526755
742 51 0 1440526760
114 732 1 1440527613
622 17587 0 1440548591
233 10321 1 1440551363
871 9 1 1440552871
871 1408 1 1440552941
871 10273 1 1440552957
342 591 0 1440589073
742 15 0 1440604817
742 609 1 1440605208
742 6199 1 1440605210
742 1453 1 1440605237
742 491 1 1440605349
742 190 1 1440605371
742 450 1 1440605373
742 72 0 1440605378
742 13 1 1440605528
742 1866 1 1440606767
342 234 1 1440608286
191 6 1 1440615776
461 102 1 1440628825
318 163 1 1440635117
318 2832 1 1440635168
129 169 1 1440640707
20 8157 1 1440672098
447 2182 0 1440682676
769 3410 1 1440694081
47 4153 1 1440719696
47 5218 1 1440720802
47 8914 1 1440721224
874 4759 0 1440735403
515 5666 1 1440762916
515 3061 0 1440763814
456 481 1 1440765427
678 481 1 1440765427
456 851 1 1440765816
678 851 1 1440765816
515 4121 1 1440766582
988 5992 1 1440776675
988 73 1 1440776719
807 20 1 1440785203
228 3764 0 1440791819
423 28 1 1440793181
423 20 1 1440793204
905 67 0 1440840273
909 67 0 1440840273
126 3173 1 1440870483
823 445 1 1440875573
823 17588 1 1440876488
1000 4162 0 1440883833
1000 7317 0 1440883938
719 12846 1 1440938575
341 2145 1 1440956061
6 2687 1 1440959277
109 5917 1 1440969910
309 1272 1 1440971661
591 859 1 1440983731
519 50 1 1440990234
30 1290 1 1441005865
30 10271 1 1441005935
411 10550 1 1441039067
542 12560 1 1441042660
540 2078 0 1441048944
569 12 1 1441060139
569 12 0 1441060139
973 10938 1 1441070460
915 19584 1 1441071591
984 3182 1 1441077108
622 9240 1 1441080290
874 13157 1 1441080790
251 16165 1 1441112189
114 11584 1 1441129392
114 5506 1 1441130494
114 5498 0 1441130510
114 5495 0 1441130528
373 10330 1 1441133011
581 8544 1 1441133655
807 8544 1 1441133655
634 6234 1 1441153301
731 17592 1 1441171594
791 50 1 1441186123
676 591 1 1441189267
620 1810 1 1441189722
676 230 0 1441189877
589 1275 1 1441225226
510 20016 1 1441227533
961 20016 1 1441227533
510 20015 1 1441227710
961 20015 1 1441227710
510 13004 0 1441228579
961 13004 0 1441228579
911 17280 1 1441235727
622 5360 1 1441246616
910 20870 0 1441252043
407 3502 1 1441257073
874 11048 1 1441280858
966 8781 1 1441298058
519 10170 1 1441300980
519 404 1 1441307168
410 6126 1 1441307292
356 7397 1 1441315100
356 3131 1 1441315188
356 14004 1 1441315751
356 3546 0 1441315783
356 11424 0 1441316085
818 1591 0 1441330097
515 2220 1 1441346077
46 16 1 1441359741
510 20014 1 1441362532
961 20014 1 1441362532
510 20013 0 1441364651
961 20013 0 1441364651
710 174 1 1441365885
723 174 1 1441365885
710 9309 1 1441365887
723 9309 1 1441365887
216 545 1 1441385017
435 545 1 1441385017
532 4109 0 1441386197
731 9202 1 1441387997
731 7868 1 1441389203
613 1718 1 1441390714
1000 1718 1 1441393605
791 1318 1 1441401907
109 465 1 1441421880
510 20012 0 1441431075
961 20012 0 1441431075
266 3038 1 1441435530
367 15 1 1441438230
10 15854 1 1441449692
973 2268 1 1441453885
989 452 1 1441464324
989 2301 1 1441464496
312 589 1 1441479338
83 65 0 1441479854
159 3081 1 1441491906
159 2557 1 1441494678
251 4535 1 1441494689
251 7718 0 1441499173
251 7719 0 1441499315
148 8767 1 1441504118
917 8767 1 1441504118
731 5360 0 1441507257
342 15635 1 1441528494
915 7562 1 1441529827
342 5007 1 1441537738
915 553 1 1441545416
915 3951 1 1441545453
915 7212 1 1441546180
546 10983 1 1441546923
915 10 1 1441550632
915 10 0 1441550632
552 591 0 1441556457
459 4678 1 1441558838
459 1474 1 1441566138
622 17586 0 1441566598
459 4746 1 1441567885
622 17585 1 1441568393
412 1879 0 1441572620
318 2831 1 1441589010
966 129 1 1441634215
552 478 1 1441641289
159 74 1 1441645224
657 74 1 1441645224
622 8781 0 1441652784
455 449 1 1441660086
691 7999 1 1441667489
480 3237 1 1441667881
937 129 0 1441681311
802 478 1 1441709520
1000 14200 1 1441742220
324 5360 1 1441771731
760 129 0 1441776306
342 8788 1 1441787802
318 128 1 1441808245
318 142 1 1441808594
353 20 1 1441818848
353 20 0 1441818848
251 16002 1 1441823364
742 28 1 1441823624
742 16 1 1441823687
742 39 1 1441827744
742 10 1 1441828785
742 14232 1 1441829227
742 50 0 1441829327
742 38 1 1441829809
742 852 1 1441829909
742 143 1 1441830593
742 478 1 1441830702
742 478 0 1441830702
742 67 0 1441830896
742 591 1 1441831389
742 591 0 1441831389
111 1955 1 1441834751
394 1955 1 1441834751
111 6537 1 1441835072
394 6537 1 1441835072
111 1972 1 1441835140
394 1972 1 1441835140
111 956 1 1441835204
394 956 1 1441835204
622 11092 0 1441855777
318 92 1 1441895153
966 12308 1 1441899397
167 1860 0 1441901112
220 1860 0 1441901112
742 2248 1 1441901450
742 68 1 1441901708
742 2211 0 1441902547
742 1360 1 1441902554
742 2244 1 1441902556
156 5706 1 1441904297
616 2110 0 1441910258
540 2077 1 1441910696
26 826 1 1441914460
57 12397 1 1441921332
57 12396 1 1441922248
318 115 1 1441928125
485 12093 1 1441932468
906 3244 0 1441948182
33 168 1 1441959303
158 168 1 1441959303
823 8343 1 1441967762
823 3759 1 1441968051
354 8827 0 1441968825
55 7717 1 1441982467
740 6908 1 1441997516
787 110 1 1442014960
519 771 1 1442060343
108 979 1 1442062990
742 631 1 1442086308
742 452 1 1442086371
742 173 1 1442086383
742 6891 0 1442086401
742 2167 0 1442086437
71 965 0 1442094271
148 21 1 1442103800
917 21 1 1442103800
148 979 1 1442103970
917 979 1 1442103970
316 12 0 1442106129
223 367 1 1442109626
223 169 1 1442109698
818 12361 1 1442111916
223 45 0 1442115148
222 488 1 1442120980
222 1004 1 1442120986
222 620 1 1442120995
222 47 0 1442121008
818 3130 1 1442121131
818 16602 1 1442121205
616 14372 0 1442142996
251 534 1 1442160058
929 2322 1 1442170505
53 12 1 1442201426
731 4 1 1442214564
342 8222 1 1442219394
110 2933 1 1442240431
342 4593 0 1442249333
791 1168 1 1442260177
324 11092 0 1442290225
736 85 1 1442304261
550 3154 1 1442314645
550 445 1 1442314860
966 573 1 1442320044
200 9726 1 1442343693
478 12868 0 1442346869
700 202 1 1442409681
159 1807 1 1442414430
216 3180 1 1442415672
804 105 1 1442432351
844 105 1 1442432351
804 10 1 1442432524
844 10 1 1442432524
804 110 1 1442432641
844 110 1 1442432641
159 1805 1 1442434594
731 10835 0 1442451941
190 18589 1 1442465922
486 12 1 1442502077
486 12 0 1442502077
496 12 0 1442502077
753 5861 1 1442517533
872 1092 1 1442526502
456 852 1 1442529702
678 852 1 1442529702
470 1440 1 1442541613
731 445 1 1442559148
311 14988 1 1442573626
16 262 1 1442593238
694 559 1 1442610216
988 5214 1 1442614953
622 445 0 1442625603
622 12308 0 1442628081
622 17272 1 1442631897
622 9278 1 1442633380
622 4858 1 1442637025
115 16340 0 1442637785
818 2314 1 1442688835
619 12 1 1442692770
619 38 1 1442692797
619 38 0 1442692797
872 481 1 1442701047
461 9730 0 1442704691
622 573 1 1442726869
921 3798 1 1442744603
515 418 1 1442746634
327 9217 0 1442753936
233 3972 0 1442783599
66 76 1 1442800729
324 9278 0 1442845889
915 3181 1 1442849785
915 20 1 1442849915
915 90 0 1442850084
915 6638 1 1442850109
867 1879 1 1442853273
620 9257 1 1442878949
731 12750 0 1442882605
721 475 1 1442884439
785 475 1 1442884439
579 18840 0 1442884797
579 9749 1 1442884812
324 12750 1 1442892055
148 67 1 1442896016
917 67 1 1442896016
552 1064 1 1442930227
1000 1522 1 1442943503
259 6648 1 1442946034
954 6648 1 1442946034
933 226 0 1442958488
5 2619 1 1442968708
585 149 1 1442969146
324 573 1 1442971218
114 7008 1 1442972458
326 2779 1 1442995061
776 2779 1 1442995061
966 6645 1 1443010700
144 45 1 1443016960
873 39 1 1443024224
515 1056 0 1443042285
994 1056 0 1443042285
443 15 1 1443048827
939 15 1 1443061677
742 805 1 1443071448
279 368 1 1443072570
742 822 1 1443072836
742 142 1 1443072954
742 69 1 1443073013
742 157 0 1443073026
742 321 1 1443073036
742 1079 1 1443073102
742 3561 1 1443073107
742 6490 1 1443073112
742 11 1 1443074391
370 6 1 1443084251
930 47 1 1443117484
255 4228 1 1443130066
436 14 1 1443131763
889 14 1 1443131763
5 3315 1 1443132435
148 13592 0 1443157533
917 13592 0 1443157533
148 1244 1 1443157851
917 1244 1 1443157851
510 20011 1 1443172546
961 20011 1 1443172546
622 9202 1 1443195665
826 17162 1 1443218244
190 18588 0 1443234876
622 15086 1 1443239954
622 12769 0 1443240002
485 1425 0 1443246132
910 2163 1 1443265601
910 15023 1 1443265662
910 16252 0 1443265777
47 8150 1 1443279763
47 6490 0 1443279773
47 6156 0 1443279785
474 16 1 1443281202
47 1334 1 1443283989
54 1460 1 1443285529
999 1460 0 1443287496
894 20 0 1443298246
821 251 1 1443311858
676 3399 1 1443319130
989 965 1 1443320435
190 18587 1 1443321752
233 174 1 1443322393
233 7208 0 1443325381
731 15086 1 1443332832
731 12769 1 1443332847
435 9561 1 1443364072
12 4965 0 1443364424
12 6126 1 1443364578
182 221 0 1443364839
470 1270 1 1443367963
12 2140 1 1443373170
470 1471 0 1443374733
470 465 1 1443374828
470 137 1 1443374899
470 1452 1 1443374907
470 1053 1 1443374962
823 12048 1 1443391320
705 1068 1 1443403950
972 1068 1 1443403950
324 15086 1 1443407157
324 12769 1 1443407165
651 13653 1 1443413890
676 16182 1 1443417658
342 995 0 1443436692
356 20805 1 1443476844
721 342 1 1443480621
785 342 1 1443480621
721 2326 1 1443480665
785 2326 1 1443480665
66 59 0 1443489886
216 444 1 1443496808
676 3810 1 1443499880
937 4950 1 1443524564
116 16142 0 1443538032
342 9374 1 1443543576
151 14905 1 1443573168
151 14904 1 1443573230
676 1799 1 1443573633
676 690 1 1443573636
676 4832 1 1443573636
676 4837 0 1443573636
676 6764 1 1443573638
676 3029 1 1443573639
676 689 1 1443573641
676 5667 1 1443573644
676 14027 1 1443573645
676 3018 1 1443573649
832 6986 1 1443576197
832 3 1 1443576210
832 12 1 1443576439
114 3018 1 1443577365
148 3404 1 1443587669
917 3404 1 1443587669
195 474 1 1443651095
636 474 1 1443651095
929 3830 0 1443661955
608 6 1 1443675457
791 82 1 1443690866
823 9327 1 1443693277
881 9240 1 1443694138
10 178 1 1443704112
579 201 0 1443740798
579 3462 1 1443741066
579 7083 1 1443741085
182 6194 1 1443742461
622 17584 1 1443758942
366 17236 1 1443766590
342 169 1 1443793760
740 6907 1 1443811127
694 4015 1 1443813891
558 1435 1 1443814503
924 1435 1 1443814503
406 430 1 1443816080
461 175 1 1443837491
740 6906 1 1443889744
754 8525 1 1443897868
312 16 1 1443906999
584 1769 1 1443915067
546 465 0 1443930045
133 776 1 1443932771
133 9062 0 1443932848
133 8167 1 1443932941
774 69 1 1443937345
774 149 1 1443937352
676 725 1 1443943931
278 10736 1 1443990339
579 36 1 1444013534
579 3 1 1444014444
579 10 1 1444015261
174 10 1 1444016234
622 12806 1 1444103518
622 6645 1 1444106637
836 356 1 1444130382
823 12047 1 1444139280
731 8343 1 1444168388
731 17583 1 1444173440
731 13315 1 1444177549
731 9815 1 1444178814
251 5394 1 1444181053
970 2054 1 1444183378
47 4015 1 1444228132
47 702 1 1444228140
115 16339 1 1444252178
356 18241 1 1444256629
109 774 1 1444262819
200 6656 1 1444263220
747 2378 0 1444286977
548 296 1 1444314905
644 85 1 1444316133
147 5594 1 1444339790
540 5594 1 1444339790
622 9815 0 1444358183
423 2815 1 1444358996
423 190 1 1444359263
423 9 1 1444359324
423 110 1 1444359729
423 1537 1 1444359733
550 3153 1 1444384501
35 1853 0 1444385040
861 1853 0 1444385040
109 1216 0 1444386548
109 381 1 1444386553
109 4535 1 1444386565
445 1892 0 1444389775
870 3798 1 1444409681
23 300 0 1444410442
23 2819 0 1444410464
988 9528 0 1444412451
441 1300 1 1444412836
878 95 1 1444435415
731 3152 1 1444449138
973 2131 1 1444460762
459 10594 1 1444483701
459 2763 1 1444483815
459 16374 1 1444483892
459 4673 1 1444483909
459 16377 1 1444483925
459 16375 1 1444483929
459 16373 0 1444483960
459 16376 1 1444483969
459 6748 0 1444483973
872 3757 1 1444528138
114 5501 0 1444528373
980 6973 1 1444536737
787 553 1 1444537763
115 16338 1 1444540872
774 178 1 1444543555
921 5668 1 1444555339
774 32 1 1444562718
69 1002 1 1444577673
525 1002 1 1444577673
69 2489 1 1444577722
525 2489 1 1444577722
69 271 1 1444578617
525 271 1 1444578617
69 8142 0 1444578626
525 8142 0 1444578626
69 3591 1 1444578635
525 3591 1 1444578635
873 952 1 1444588188
176 65 1 1444611700
176 2248 1 1444613201
13 3505 1 1444618260
436 398 1 1444621813
889 398 1 1444621813
135 8568 1 1444623360
10 9 0 1444651157
279 5035 1 1444668959
369 12065 1 1444670492
147 774 0 1444675304
540 774 0 1444675304
742 813 1 1444681408
742 812 1 1444681432
700 4144 1 1444687672
622 444 0 1444703903
622 17583 1 1444706008
622 13315 0 1444711992
622 6623 1 1444712840
935 10607 1 1444750982
445 6721 1 1444751904
342 12119 1 1444752945
386 953 0 1444766753
209 1349 0 1444768650
915 1003 1 1444778899
815 342 1 1444781322
752 9229 1 1444785734
778 3451 0 1444786473
1000 2131 1 1444787278
34 174 1 1444801184
760 13124 1 1444812247
209 2749 1 1444841099
310 1120 0 1444845863
527 9448 1 1444847986
251 1784 1 1444854282
251 8329 1 1444854738
251 485 0 1444854934
634 65 1 1444855138
251 8328 1 1444855174
898 1879 0 1444869786
898 284 1 1444869891
234 3534 1 1444878225
329 950 1 1444885257
30 2735 1 1444902122
435 8775 1 1444922488
445 9353 1 1444923876
544 710 1 1444932917
273 3 1 1444949370
518 3 1 1444949370
342 18219 1 1444954370
722 15 1 1444959828
973 5146 1 1445008253
207 20758 1 1445011499
471 10034 1 1445017570
30 332 1 1445028353
226 7659 1 1445040146
235 14361 1 1445047476
235 3874 1 1445047504
750 6055 1 1445051380
893 6055 1 1445051380
622 12048 1 1445056837
622 12047 1 1445059602
510 20010 1 1445065229
961 20010 1 1445065229
731 15984 1 1445071732
35 38 1 1445079255
861 38 1 1445079255
613 1787 1 1445107468
630 1787 1 1445107468
929 2999 1 1445109807
929 6700 1 1445109829
557 44 0 1445113954
729 1528 1 1445138928
398 15670 1 1445152222
342 8439 1 1445156662
114 1311 0 1445196225
700 469 1 1445209351
233 474 1 1445222570
54 9231 1 1445234058
69 145 1 1445263107
525 145 1 1445263107
731 18366 1 1445305327
731 472 1 1445305629
89 5411 1 1445307499
625 477 1 1445327969
625 591 1 1445327979
114 5065 1 1445360232
445 1178 1 1445385008
589 13025 1 1445391103
622 472 1 1445404375
818 12332 1 1445407209
818 9137 1 1445407261
818 1742 1 1445407339
818 2871 0 1445407706
8 1139 1 1445421760
409 3152 1 1445434795
821 7397 1 1445452625
114 117 1 1445465378
345 178 0 1445468248
345 32 0 1445468292
389 12 1 1445477301
389 822 0 1445477599
600 391 1 1445481783
425 10507 1 1445493422
827 10507 1 1445493422
372 740 1 1445514543
372 614 0 1445514545
372 2502 1 1445514546
103 14691 1 1445521858
702 5669 1 1445551847
702 3032 0 1445551953
702 1311 1 1445551981
702 106 0 1445552252
702 5668 1 1445552810
702 2386 1 1445552927
702 2169 1 1445552929
702 1805 0 1445553081
702 133 1 1445553112
702 1021 0 1445553129
702 3024 1 1445553147
702 5131 1 1445553195
702 3811 1 1445553267
702 1246 0 1445553284
702 5667 1 1445553311
702 2044 1 1445553328
702 359 1 1445553520
702 717 1 1445553610
702 509 1 1445553901
318 5884 0 1445558310
318 1982 1 1445558320
915 13754 1 1445562263
915 73 1 1445565392
148 4881 1 1445574245
917 4881 1 1445574245
1000 391 1 1445574474
740 2056 1 1445578528
190 16261 1 1445663908
342 101 1 1445681817
445 7968 1 1445698723
50 7956 1 1445711339
216 6 1 1445734936
435 6 1 1445734936
622 15114 1 1445736660
731 15114 1 1445751339
836 3464 1 1445776953
425 5864 1 1445780579
827 5864 1 1445780579
333 19453 1 1445797765
622 17582 1 1445806878
29 64 1 1445808824
66 1657 1 1445823672
66 7082 1 1445823763
525 5698 1 1445826885
667 5698 1 1445826885
525 475 1 1445828655
525 475 0 1445828655
667 475 1 1445828655
731 4021 1 1445839896
731 17580 1 1445841987
731 8645 0 1445842811
921 6 0 1445847205
921 1470 0 1445847212
342 4434 1 1445868706
342 15419 1 1445874052
445 1078 1 1445874172
405 21 1 1445887559
954 21 1 1445887559
121 12 1 1445890407
121 3 1 1445892868
121 10 1 1445895254
622 8622 0 1445908662
932 160 1 1445912418
932 2260 1 1445912426
622 9327 1 1445914984
731 8622 1 1445920169
845 16 1 1445922428
634 478 1 1445939616
342 6463 1 1445948897
342 1374 1 1445956221
667 1147 0 1445958612
823 9369 1 1445964761
823 8597 1 1445965616
13 12749 1 1445971269
425 10601 1 1445975552
827 10601 1 1445975552
1000 5830 1 1446004918
1000 4525 1 1446005031
1000 1762 0 1446005060
1000 6278 1 1446005066
1000 599 1 1446005075
921 3574 0 1446025490
921 1053 1 1446025491
921 3573 1 1446025491
921 2622 1 1446025499
677 12 1 1446041462
740 386 0 1446044075
4 6740 1 1446046452
473 294 1 1446053927
579 15 1 1446057372
425 12541 0 1446064485
827 12541 0 1446064485
622 13124 0 1446068380
45 3272 0 1446091847
731 17581 1 1446099963
215 16136 0 1446102225
215 8850 1 1446102251
921 4673 1 1446103254
921 2763 1 1446103277
973 2252 0 1446112620
791 2 1 1446127119
622 17581 0 1446127550
190 18586 1 1446128184
519 8689 1 1446135363
872 3314 0 1446214898
45 10629 1 1446216256
510 20009 1 1446221826
961 20009 1 1446221826
872 3313 1 1446222453
872 1076 1 1446236644
438 12769 1 1446238514
708 19769 1 1446241561
269 2248 0 1446242846
894 15984 1 1446244554
619 15255 1 1446254166
619 2005 1 1446254222
619 8243 1 1446254233
619 2006 0 1446254279
622 15538 1 1446262988
915 636 1 1446265790
622 6755 0 1446268726
312 1071 0 1446271698
312 822 1 1446271699
312 9745 0 1446271731
731 6755 0 1446273240
342 3189 1 1446297243
775 6 1 1446297959
644 14028 0 1446328461
894 14028 0 1446328461
655 16253 0 1446392737
644 3726 1 1446394413
878 12 1 1446421196
937 1440 0 1446422358
121 11 1 1446431541
121 20 1 1446431677
622 16253 1 1446440393
622 14018 1 1446441343
622 17580 0 1446441658
622 13307 1 1446444137
622 10073 0 1446444393
342 10337 1 1446458972
342 2877 1 1446471115
279 6194 1 1446475524
866 6194 1 1446475524
109 5916 0 1446476569
480 3236 1 1446477744
215 11209 0 1446510627
573 5668 1 1446517233
573 5801 1 1446517609
573 2408 1 1446517713
573 7023 1 1446517935
573 12011 1 1446517987
190 8628 1 1446519352
455 150 1 1446532392
425 11100 1 1446536158
827 11100 1 1446536158
190 18585 1 1446540947
877 75 1 1446543367
445 4673 1 1446552636
218 465 0 1446554374
948 542 1 1446566003
1000 3217 1 1446572736
1000 4673 0 1446572739
1000 342 1 1446572742
1000 1272 1 1446572745
1000 1459 1 1446572773
1000 179 1 1446572776
1000 411 1 1446573144
1000 2870 1 1446573186
1000 2102 1 1446573202
1 76 0 1446574637
90 2295 1 1446578389
66 12952 1 1446582957
292 2252 0 1446583271
342 762 1 1446586964
425 1272 1 1446589892
827 1272 1 1446589892
425 411 1 1446589910
827 411 1 1446589910
425 2372 1 1446589946
827 2372 1 1446589946
425 2870 1 1446589969
827 2870 1 1446589969
425 1965 1 1446590032
827 1965 1 1446590032
151 14903 0 1446604674
988 175 1 1446637693
988 1059 1 1446637742
903 12162 0 1446653444
695 271 1 1446657818
481 2169 0 1446659139
114 3025 1 1446662219
326 148 1 1446671853
776 148 1 1446671853
445 1923 1 1446676292
356 13322 1 1446677451
216 65 1 1446686738
435 65 1 1446686738
816 65 1 1446686738
480 1287 1 1446690596
775 2644 1 1446694676
641 1965 1 1446701333
641 411 1 1446701356
595 258 1 1446723081
790 258 1 1446723081
595 435 1 1446723231
790 435 1 1446723231
595 257 1 1446723240
790 257 1 1446723240
259 20 1 1446741072
1 897 1 1446748598
938 75 0 1446748898
279 2303 1 1446771795
866 2303 1 1446771795
69 10 1 1446773715
525 10 1 1446773715
450 6784 0 1446803246
921 391 0 1446812001
921 1265 0 1446813946
921 12156 1 1446813947
966 12307 1 1446819019
13 15 0 1446831155
342 2272 1 1446832830
342 13913 1 1446833359
903 16303 1 1446839291
500 12 1 1446864388
500 9 1 1446864419
622 3152 1 1446868225
196 129 1 1446869329
196 1272 1 1446869359
459 19004 1 1446872665
342 2439 1 1446901662
402 151 1 1446904905
395 822 1 1446915070
5 2192 1 1446922248
311 3118 0 1446928059
616 5147 1 1446943505
590 8950 1 1446951281
959 32 1 1446967957
45 8950 1 1446986648
461 7735 1 1447013688
762 21 1 1447020374
69 2668 1 1447032647
525 2668 1 1447032647
190 18584 1 1447037316
167 342 1 1447052422
220 342 1 1447052422
167 603 0 1447052433
220 603 0 1447052433
999 328 1 1447064474
858 3117 0 1447072388
858 7362 0 1447072447
858 1000 0 1447072588
398 7204 1 1447103807
398 271 1 1447103811
353 33 1 1447105220
353 475 1 1447105223
353 1823 1 1447105224
251 7167 1 1447106713
550 3152 1 1447113062
973 10937 1 1447116750
973 472 1 1447136378
900 1879 1 1447143828
147 621 1 1447152916
540 621 1 1447152916
645 3032 1 1447157772
634 835 1 1447198638
634 843 1 1447198642
367 5537 0 1447250036
964 15261 0 1447250609
233 1401 1 1447256150
311 3590 1 1447269099
311 5000 1 1447269128
1000 11226 0 1447271798
1000 1729 1 1447271803
821 2893 1 1447274255
994 129 1 1447282614
622 12307 0 1447293144
640 16 1 1447306015
445 1459 1 1447355631
560 3847 0 1447359249
190 5172 1 1447387954
114 5068 1 1447416588
445 9352 1 1447431206
109 591 0 1447444844
56 45 1 1447488036
834 15 1 1447500341
616 8856 0 1447517107
175 589 1 1447534957
616 589 1 1447534957
622 12815 0 1447551604
731 12815 1 1447565000
514 3 1 1447565736
514 3 0 1447565736
514 10 1 1447566186
673 430 1 1447575668
823 15246 1 1447584594
464 8950 1 1447601810
159 12894 1 1447603056
657 12894 1 1447603056
6 2688 1 1447603787
464 8384 1 1447609096
791 16667 0 1447609528
464 7630 1 1447610315
464 14183 1 1447610405
464 8688 1 1447610406
464 6110 1 1447610539
464 276 1 1447610557
464 12953 1 1447610563
464 8960 1 1447610579
464 7006 1 1447610602
464 495 1 1447610826
464 16409 1 1447610962
796 12377 1 1447611784
159 6449 1 1447613419
657 6449 1 1447613419
200 2248 1 1447614095
264 2043 1 1447614194
200 1756 1 1447614208
264 8439 1 1447614267
264 2787 1 1447614280
264 3912 1 1447614433
264 2041 0 1447614438
264 9028 1 1447614475
264 13763 1 1447614481
973 250 1 1447620264
973 9736 1 1447620272
973 4673 1 1447620456
973 411 0 1447620520
907 75 1 1447624854
19 2053 1 1447628620
595 338 1 1447628907
790 338 1 1447628907
708 5936 1 1447629006
708 2365 0 1447629055
594 3907 1 1447629612
907 143 1 1447629944
839 87 1 1447631041
907 6358 1 1447631197
907 6675 1 1447631229
907 7227 1 1447631309
907 3983 0 1447631316
907 7226 0 1447631329
907 51 1 1447633124
312 6494 1 1447634146
907 10 1 1447637030
907 50 1 1447637378
907 3197 1 1447637395
657 465 1 1447638805
1000 1747 1 1447639342
470 343 1 1447656496
470 472 1 1447656498
470 2870 1 1447656514
470 411 1 1447656518
470 2372 0 1447656521
335 545 0 1447689579
335 11414 1 1447689606
56 843 1 1447719251
236 778 1 1447724206
461 3150 1 1447728046
582 129 1 1447739257
416 129 1 1447768689
244 1447 1 1447772775
209 2748 0 1447792998
436 3422 1 1447812446
889 3422 1 1447812446
731 17579 1 1447813871
596 2372 1 1447816072
596 2102 1 1447816075
596 1272 1 1447816078
596 342 1 1447816082
622 15246 0 1447821071
950 785 1 1447821753
593 1879 1 1447859646
874 3 1 1447864145
53 343 1 1447875397
53 179 1 1447875411
411 2166 1 1447876520
114 348 1 1447880788
569 621 1 1447885460
569 179 1 1447885462
731 2300 1 1447887293
200 17813 0 1447898277
200 1622 1 1447898495
30 2372 1 1447899839
959 5033 0 1447904561
210 899 1 1447925843
673 18485 1 1447946993
595 1545 0 1447948018
790 1545 0 1447948018
595 1061 1 1447948310
790 1061 1 1447948310
366 2118 1 1447955209
366 14186 1 1447955387
366 8755 1 1447955439
704 6644 1 1447971358
540 1265 1 1447980656
500 74 0 1447987627
733 3 0 1447991449
733 10 1 1447991695
1 179 0 1447992493
1 2372 0 1447992535
312 6011 1 1447996039
34 469 1 1447997572
933 2318 1 1448004202
973 76 1 1448021247
973 201 0 1448021308
973 3088 0 1448021374
973 2372 1 1448024120
973 342 1 1448024157
929 1460 1 1448035831
366 175 1 1448039782
108 129 0 1448043839
622 17579 1 1448055704
649 12 0 1448080201
903 16302 1 1448099215
461 76 1 1448149061
109 281 1 1448152678
109 1425 1 1448152680
86 8962 0 1448158247
700 1460 1 1448163665
455 469 1 1448166999
455 137 0 1448167160
1000 10562 1 1448203868
561 785 0 1448208356
726 785 0 1448208356
561 6194 1 1448208866
726 6194 1 1448208866
348 2103 1 1448225605
705 1067 1 1448228784
972 1067 1 1448228784
928 10 1 1448249331
928 145 0 1448249346
928 559 1 1448249843
928 67 1 1448249849
928 143 1 1448249864
928 1076 1 1448249886
123 129 1 1448252592
342 3847 1 1448285376
835 1203 1 1448291128
595 10565 1 1448293648
790 10565 1 1448293648
595 1043 1 1448293794
790 1043 1 1448293794
595 10183 1 1448293804
790 10183 1 1448293804
218 632 1 1448312161
156 542 1 1448339984
292 2043 1 1448359420
822 2043 1 1448359420
601 16947 0 1448378340
601 6204 1 1448378364
309 20745 1 1448381466
431 5881 1 1448411031
431 4549 0 1448411605
667 5881 0 1448422083
638 454 1 1448474932
638 2102 1 1448475482
731 18457 0 1448475507
731 19768 1 1448476237
929 2102 0 1448476276
557 20513 1 1448486112
928 91 1 1448497016
504 211 1 1448505025
664 169 1 1448527435
664 164 1 1448527437
664 1076 1 1448527440
527 16729 1 1448542779
98 4878 0 1448555322
731 19767 1 1448599587
2 175 1 1448606574
999 5460 1 1448622122
999 5459 1 1448622205
20 2645 1 1448625662
696 1092 0 1448626771
309 20744 1 1448628553
470 1468 1 1448646705
114 291 1 1448654870
1000 31 1 1448665492
1000 1792 1 1448665788
600 1965 1 1448669530
600 179 1 1448669531
600 129 1 1448669541
576 6194 1 1448680165
312 202 0 1448686582
634 3316 0 1448693291
365 68 1 1448705841
796 20 1 1448715405
796 145 1 1448715412
894 45 1 1448721731
704 5283 0 1448730699
712 451 0 1448744996
712 8758 1 1448745018
459 15312 1 1448745536
928 8130 1 1448757884
504 18616 1 1448762809
55 4168 1 1448768391
55 218 1 1448768393
929 2422 1 1448776144
45 2182 0 1448800949
11 37 1 1448834963
135 662 1 1448840354
69 7965 1 1448847649
511 8780 1 1448886114
127 14987 1 1448920831
209 1392 1 1448929460
579 852 1 1448932033
119 296 0 1448946687
870 343 1 1448961772
973 337 1 1448970756
364 2556 1 1448973162
695 2556 1 1448973162
364 4158 1 1448974003
695 4158 1 1448974003
317 621 1 1448980450
385 65 0 1448981291
34 5132 0 1448985951
372 343 1 1448988710
182 979 1 1448998335
958 12 1 1449007850
724 76 1 1449022704
724 1634 1 1449022724
199 4052 1 1449028677
196 343 1 1449029157
731 3246 1 1449031741
258 2903 1 1449034965
258 6508 1 1449035065
823 12046 1 1449059057
34 2687 1 1449063235
973 331 1 1449100577
973 10920 0 1449100590
710 18052 1 1449105725
723 18052 1 1449105725
590 11409 1 1449113332
622 17578 1 1449114835
762 1344 1 1449123913
246 7082 1 1449134175
246 7081 1 1449134191
973 9565 1 1449144422
135 798 1 1449149396
906 8645 1 1449194184
622 2300 0 1449210150
361 1003 0 1449214449
361 75 1 1449214453
750 621 1 1449221435
996 545 0 1449253133
135 15 1 1449257506
436 10366 1 1449286831
889 10366 1 1449286831
324 2300 1 1449289563
750 178 1 1449296780
792 3 1 1449298283
792 10 1 1449298431
792 58 1 1449300013
792 20 1 1449301132
792 75 1 1449302113
792 1003 1 1449302683
792 816 1 1449302777
290 1360 1 1449329012
374 1360 1 1449329012
342 8445 1 1449334123
559 1203 1 1449339787
241 16497 1 1449340317
673 411 1 1449343870
943 7523 1 1449344070
676 1022 1 1449403555
32 7256 1 1449404950
190 13050 1 1449406519
161 454 1 1449418584
402 728 1 1449431974
402 122 0 1449431979
402 120 1 1449431980
402 1840 1 1449431981
928 5423 1 1449433602
327 45 0 1449436424
622 10657 1 1449444880
900 175 1 1449463455
324 10657 1 1449463606
445 9351 1 1449464181
331 544 1 1449478158
625 343 1 1449485408
625 590 1 1449494061
644 16411 1 1449499140
192 3125 1 1449514602
176 2072 0 1449521296
959 2072 0 1449521296
839 129 1 1449532251
552 343 1 1449543003
597 343 1 1449543003
622 13384 0 1449553398
622 13473 1 1449553588
750 32 0 1449562164
988 161 1 1449594952
988 1364 1 1449595014
622 15838 1 1449597294
700 4143 1 1449597295
622 11762 1 1449597351
729 16933 1 1449599506
445 5881 1 1449601104
1 1152 1 1449602021
1 1505 1 1449603356
903 16253 1 1449610213
903 2252 1 1449610587
472 251 1 1449611697
190 18583 0 1449620346
436 12610 1 1449621006
889 12610 1 1449621006
324 11762 1 1449636887
622 17577 0 1449637306
935 12058 1 1449644229
873 278 1 1449647269
658 478 1 1449662454
700 57 1 1449684946
791 18628 1 1449691406
553 5430 0 1449694391
134 5830 1 1449698096
324 15838 1 1449725661
635 3880 1 1449780193
1000 16163 1 1449786992
436 640 1 1449787425
889 640 1 1449787425
731 19766 0 1449800190
202 2635 1 1449824157
354 2565 0 1449840999
595 18485 1 1449844017
790 18485 1 1449844017
549 11995 1 1449850271
96 12 1 1449858205
144 2223 1 1449866708
915 67 0 1449878838
461 10080 1 1449950949
461 1664 1 1449951049
324 288 0 1449978011
895 12 1 1449978630
895 12 0 1449978630
511 12 1 1450016438
297 75 1 1450020706
356 16800 1 1450024800
356 6645 1 1450024826
199 5288 0 1450037245
928 4112 0 1450038866
525 5697 1 1450070694
667 5697 1 1450070694
828 28 1 1450082106
828 28 0 1450082106
828 105 0 1450082111
45 76 1 1450111590
45 1634 1 1450111614
1000 3191 0 1450112989
652 7735 1 1450123272
554 343 1 1450139315
425 4712 1 1450162820
827 4712 1 1450162820
425 1471 0 1450162939
827 1471 0 1450162939
451 12199 0 1450163435
764 12199 0 1450163435
425 2326 0 1450163457
827 2326 0 1450163457
451 18859 1 1450163542
764 18859 1 1450163542
425 1497 1 1450163570
827 1497 1 1450163570
425 6 1 1450163695
827 6 1 1450163695
425 465 1 1450163877
827 465 1 1450163877
425 178 0 1450164285
827 178 0 1450164285
425 1265 1 1450165972
827 1265 1 1450165972
425 5832 1 1450166249
827 5832 1 1450166249
425 1258 1 1450166303
827 1258 1 1450166303
425 6346 1 1450166643
827 6346 1 1450166643
190 12745 0 1450169488
190 10226 1 1450172383
729 16932 1 1450201406
425 2287 1 1450206618
827 2287 1 1450206618
821 7412 0 1450207750
342 5663 1 1450215582
55 591 1 1450225276
445 9350 1 1450225441
190 10342 1 1450226011
49 161 1 1450228263
603 161 1 1450228263
49 11121 1 1450228361
603 11121 1 1450228361
49 11120 1 1450228392
603 11120 1 1450228392
49 11119 1 1450228404
603 11119 1 1450228404
190 14123 0 1450230777
632 338 1 1450249520
731 3249 1 1450250769
364 2850 0 1450261593
695 2850 0 1450261593
342 1303 1 1450269091
929 8466 1 1450276014
252 105 1 1450286491
167 169 1 1450286574
220 169 1 1450286574
290 3 1 1450288149
374 3 1 1450288149
125 2229 0 1450295323
1 7735 0 1450302181
49 141 1 1450311283
603 141 1 1450311283
156 343 1 1450322948
708 759 1 1450325552
750 45 1 1450328909
893 45 1 1450328909
750 1134 1 1450329176
893 1134 1 1450329176
425 169 1 1450377673
827 169 1 1450377673
425 1281 1 1450377880
827 1281 1 1450377880
425 2102 1 1450377935
827 2102 1 1450377935
425 472 1 1450377952
827 472 1 1450377952
425 342 1 1450377996
827 342 1 1450377996
343 5875 1 1450378784
343 1356 1 1450378800
289 12055 1 1450390219
666 12055 1 1450390219
1000 20104 1 1450394746
364 8767 1 1450395560
695 8767 1 1450395560
190 13088 1 1450413706
512 5861 1 1450417026
512 8181 1 1450421660
512 19088 1 1450421800
520 103 1 1450456721
646 10 0 1450460439
49 13 1 1450476948
603 13 1 1450476948
11 7457 1 1450479831
700 3126 1 1450484872
161 2871 1 1450489689
436 45 1 1450498123
889 45 1 1450498123
786 835 1 1450502928
137 9 0 1450503223
760 9369 1 1450503955
786 2757 1 1450510508
216 12620 1 1450519601
190 11232 1 1450533867
619 5286 1 1450551739
30 1270 1 1450582795
6 11152 1 1450631895
188 12 1 1450633000
188 12 0 1450633000
857 9724 1 1450643964
419 175 1 1450666076
481 3520 1 1450704144
251 16164 1 1450705035
41 11218 1 1450731738
436 554 0 1450744026
889 554 0 1450744026
622 17576 1 1450765180
439 1272 1 1450773745
69 343 1 1450800949
525 343 1 1450800949
134 4029 1 1450813045
200 8247 0 1450832066
200 16163 0 1450833706
622 12819 1 1450841717
103 6573 1 1450862778
652 1272 1 1450877364
398 1979 1 1450884305
398 785 1 1450884347
646 75 0 1450901913
973 4820 0 1450916985
872 3312 1 1450917931
915 9375 1 1450931125
754 271 0 1450931498
200 610 1 1450960361
250 75 1 1450963669
250 816 1 1450963812
402 6204 1 1450964197
402 348 0 1450964208
823 3151 1 1450969706
823 7629 1 1450969877
622 12818 1 1450981509
754 13290 1 1450996278
754 20547 1 1450996303
754 2252 0 1450996308
872 3311 1 1450999782
872 2395 1 1451002307
622 4019 1 1451003977
872 3310 1 1451006117
872 2396 1 1451006172
114 3381 1 1451038416
870 3534 1 1451093193
870 1460 1 1451093225
731 4019 1 1451093477
750 95 1 1451102374
777 95 1 1451102374
322 474 1 1451113058
327 7145 1 1451143817
742 145 1 1451146456
646 1006 1 1451151585
114 5260 0 1451156063
200 851 1 1451162589
200 9107 1 1451162686
968 342 1 1451169537
968 179 1 1451169543
968 2130 1 1451169549
1000 10292 1 1451172390
29 3214 0 1451230060
29 5688 1 1451230069
29 8408 1 1451230070
622 4020 1 1451247285
226 677 1 1451249819
226 1419 1 1451249819
226 1972 1 1451249820
226 2722 1 1451249832
594 28 1 1451253400
594 20 1 1451253421
707 5278 1 1451254846
707 472 1 1451254862
707 342 1 1451254882
707 2326 1 1451254888
707 87 1 1451254904
707 2269 1 1451254910
707 7735 1 1451254914
707 3879 0 1451254932
707 621 1 1451255344
707 1272 1 1451255356
627 5309 0 1451255556
569 18231 1 1451256537
569 2193 0 1451257608
569 4677 1 1451257726
818 15534 0 1451284528
818 14887 1 1451284573
818 13321 1 1451285109
818 1455 1 1451285137
818 18904 0 1451286567
818 3534 1 1451289240
818 6021 1 1451290123
818 10301 1 1451290230
510 20008 1 1451293453
961 20008 1 1451293453
19 8169 1 1451320767
436 12609 1 1451334724
889 12609 1 1451334724
407 621 1 1451345680
407 466 1 1451345686
312 164 1 1451348231
312 631 1 1451348232
312 1944 1 1451348239
312 11563 1 1451348242
312 2503 1 1451348248
312 4350 1 1451348252
312 3522 1 1451348254
312 18391 1 1451348260
312 18390 0 1451348260
312 37 0 1451348423
312 40 0 1451348554
312 2012 1 1451348634
622 16608 1 1451349843
915 8357 1 1451361687
511 50 0 1451372832
26 474 1 1451378734
813 546 0 1451379021
816 546 1 1451389876
510 10153 0 1451392148
961 10153 0 1451392148
864 7733 0 1451401404
50 8622 1 1451402128
872 952 0 1451412939
872 3309 0 1451413047
249 262 1 1451418202
872 2012 0 1451418725
872 1425 1 1451421259
557 20512 1 1451425428
557 20511 1 1451425668
622 1006 1 1451428273
1000 2612 1 1451429035
1000 4001 1 1451429053
818 1009 0 1451434873
906 916 1 1451440085
235 12664 1 1451441753
1000 7836 1 1451444478
794 3361 1 1451452804
943 2878 0 1451457191
731 7629 1 1451468310
796 14160 0 1451479160
513 4416 1 1451481111
436 2131 0 1451489996
889 2131 0 1451489996
205 273 1 1451493656
109 6 1 1451495987
731 1006 1 1451498287
445 1460 1 1451506791
425 1411 1 1451510318
827 1411 1 1451510318
710 20 1 1451510338
425 57 0 1451510340
827 57 0 1451510340
425 1407 1 1451510500
827 1407 1 1451510500
425 4267 1 1451510533
827 4267 1 1451510533
425 6746 1 1451510573
827 6746 1 1451510573
425 253 1 1451510609
827 253 1 1451510609
425 1130 1 1451510715
827 1130 1 1451510715
425 14195 0 1451510736
827 14195 0 1451510736
425 1131 1 1451510861
827 1131 1 1451510861
425 2749 1 1451510866
827 2749 1 1451510866
425 14194 1 1451511019
827 14194 1 1451511019
532 343 1 1451514834
841 17717 0 1451524507
540 2076 1 1451530873
622 8233 1 1451536701
692 2551 1 1451538199
731 8597 1 1451543682
213 480 1 1451545672
213 12 1 1451546551
213 12 0 1451546551
206 19871 1 1451549767
973 564 1 1451565229
279 759 1 1451575154
866 759 1 1451575154
576 1047 1 1451577635
576 273 1 1451583268
331 5508 1 1451588370
473 293 1 1451588411
930 16277 0 1451593828
622 17575 1 1451597202
801 257 1 1451603043
928 1390 1 1451606485
207 546 1 1451619599
943 546 1 1451619599
410 1272 1 1451623433
175 278 1 1451627341
816 545 1 1451628331
46 5320 1 1451630013
816 7435 1 1451631690
473 292 1 1451631975
279 15 1 1451632128
550 3151 1 1451647499
114 3069 1 1451656445
229 67 1 1451663163
682 172 1 1451667871
682 7735 1 1451667890
464 16344 0 1451681958
246 129 1 1451683101
246 342 1 1451683143
900 2832 1 1451684836
705 1066 1 1451690740
972 1066 1 1451690740
870 472 1 1451695724
622 12817 1 1451696134
28 20135 1 1451703910
587 20135 1 1451703910
937 5308 0 1451710424
818 11065 1 1451711958
522 9270 1 1451716955
916 1400 0 1451717476
481 3061 1 1451729773
645 3027 0 1451735158
645 3081 1 1451735165
900 2187 1 1451735686
915 11382 1 1451744090
161 2248 1 1451744195
710 450 1 1451750626
388 8379 1 1451750742
388 8310 0 1451750742
451 2315 1 1451754980
764 2315 1 1451754980
388 3303 0 1451762451
388 4296 1 1451762456
473 291 1 1451766469
257 2049 1 1451772532
872 13 1 1451777264
592 785 1 1451777833
592 535 1 1451777871
592 3230 1 1451777918
592 3229 1 1451777951
592 3228 1 1451778000
592 1213 0 1451778006
592 1985 0 1451778007
592 3227 0 1451778008
592 3226 1 1451778010
592 3225 0 1451778018
592 3224 1 1451778021
891 12745 1 1451778774
111 2252 1 1451785303
394 2252 1 1451785303
111 3534 1 1451785367
394 3534 1 1451785367
111 2102 1 1451785445
394 2102 1 1451785445
201 5309 1 1451786836
201 326 1 1451789637
999 175 1 1451792868
267 621 1 1451800074
267 342 1 1451800082
267 411 1 1451800087
267 2102 1 1451800091
561 617 1 1451802762
726 617 1 1451802762
561 343 1 1451802918
726 343 1 1451802918
561 1272 1 1451802980
726 1272 1 1451802980
240 308 1 1451804989
481 11001 1 1451810017
45 3 1 1451811747
342 9566 1 1451816429
342 12375 1 1451816764
364 343 1 1451820715
695 343 1 1451820715
364 470 1 1451822613
695 470 1 1451822613
364 3091 0 1451822638
695 3091 0 1451822638
532 6893 1 1451824717
352 445 1 1451836252
297 1476 1 1451842065
66 31 1 1451843283
66 10498 1 1451843412
66 5469 1 1451843422
383 175 1 1451844176
66 2110 1 1451844919
66 13531 1 1451846448
66 9822 1 1451847352
835 1459 1 1451858788
342 450 1 1451860554
364 285 1 1451860595
695 285 1 1451860595
364 3214 1 1451868444
695 3214 1 1451868444
66 1462 1 1451869428
66 5831 1 1451869630
742 20 1 1451874278
66 2248 1 1451875110
89 15379 0 1451879153
754 1717 1 1451885359
481 5494 1 1451899105
858 847 1 1451905685
858 10500 1 1451905995
858 12412 1 1451906000
858 5054 1 1451906008
858 1251 0 1451906016
858 1160 1 1451906023
858 6247 1 1451906047
858 3632 1 1451906072
858 3500 1 1451906076
858 3359 1 1451906150
858 2913 0 1451906158
1000 175 1 1451911995
1000 2431 1 1451912193
1000 5151 1 1451912202
256 28 1 1451914967
195 21 1 1451917103
802 8416 1 1451923450
707 3748 1 1451930120
202 263 1 1451930592
676 4878 1 1451963521
129 1530 1 1451964128
622 9431 1 1451971134
425 13277 1 1451975982
827 13277 1 1451975982
136 3 1 1451981858
32 1285 1 1451993991
758 72 1 1451997026
758 153 1 1451997240
758 3518 1 1451997299
52 14653 1 1452020314
631 128 1 1452032101
257 5766 1 1452053877
622 7629 1 1452054587
425 4326 0 1452056878
827 4326 0 1452056878
425 330 1 1452058005
827 330 1 1452058005
425 327 1 1452058086
827 327 1 1452058086
148 85 1 1452058251
917 85 1 1452058251
114 2613 0 1452058286
61 14881 1 1452062300
190 2511 1 1452066589
791 20 1 1452069866
673 3 1 1452070076
673 3 0 1452070076
354 1185 1 1452075197
342 485 1 1452082848
342 14498 1 1452085457
741 20 1 1452094100
313 3242 1 1452103115
34 3320 1 1452109900
416 7312 0 1452118343
554 1186 0 1452147655
61 3159 1 1452147821
915 18006 1 1452166697
627 2058 0 1452172267
308 3 0 1452174086
963 8597 0 1452189851
259 28 1 1452196061
954 28 1 1452196061
954 28 0 1452196061
690 11582 1 1452215080
513 3774 1 1452216560
622 3151 0 1452224325
622 8645 1 1452232005
973 10936 1 1452265077
981 481 1 1452266401
981 59 1 1452266595
1000 8010 1 1452274293
929 8465 1 1452283448
383 8645 0 1452288732
1000 9554 1 1452293451
1000 63 1 1452293886
688 10 1 1452313251
764 931 1 1452337986
10 8401 1 1452359013
719 3502 1 1452360909
416 10 1 1452380806
416 1111 1 1452380842
416 1538 1 1452380850
416 2796 1 1452380869
816 13 1 1452390107
816 10 1 1452390261
554 8066 1 1452393496
559 10 0 1452397220
375 12 1 1452397232
375 655 1 1452399625
996 6219 1 1452421431
416 105 0 1452437284
719 105 1 1452437862
416 1285 1 1452441081
416 944 0 1452441956
416 5706 1 1452442885
416 3721 0 1452443105
609 8645 1 1452450737
801 175 1 1452451964
342 16173 1 1452461682
937 221 1 1452471278
324 8645 0 1452473584
754 1909 1 1452489071
867 5021 1 1452491372
461 10079 1 1452492458
719 51 1 1452516668
528 178 1 1452537482
508 2145 0 1452537543
711 2145 0 1452537543
508 12455 1 1452538163
711 12455 1 1452538163
644 4275 0 1452543947
644 1181 1 1452544000
1 2102 1 1452547948
11 7456 1 1452550644
419 20 1 1452570867
148 777 1 1452574170
917 777 1 1452574170
148 68 1 1452574291
917 68 1 1452574291
148 4564 0 1452574456
917 4564 0 1452574456
445 4019 1 1452607434
473 290 1 1452611899
402 2635 1 1452612683
534 3 1 1452621914
416 16 1 1452636607
532 2861 1 1452636755
644 633 1 1452637866
915 3462 1 1452652290
888 9328 1 1452652731
837 2055 0 1452653853
622 4045 1 1452657642
554 4154 1 1452661394
900 285 1 1452665961
900 4956 1 1452666408
595 16114 1 1452679684
790 16114 1 1452679684
622 5470 1 1452708124
532 1272 0 1452720066
532 2372 1 1452720077
532 342 1 1452720088
707 474 1 1452722206
292 286 1 1452734328
260 674 1 1452739189
615 674 1 1452739189
260 190 1 1452741905
615 190 1 1452741905
615 190 0 1452741905
260 450 1 1452741920
615 450 1 1452741920
406 5628 1 1452742439
770 767 0 1452744147
770 9433 1 1452744150
754 260 1 1452744278
260 3520 1 1452745818
615 3520 1 1452745818
260 1182 1 1452745827
615 1182 1 1452745827
190 3528 1 1452753082
372 2829 1 1452768552
290 5489 1 1452778315
374 5489 1 1452778315
770 12 1 1452797982
260 4212 1 1452798492
615 4212 1 1452798492
260 748 0 1452798497
615 748 0 1452798497
260 1408 1 1452798505
615 1408 1 1452798505
260 5169 1 1452800407
615 5169 1 1452800407
260 6162 1 1452800416
615 6162 1 1452800416
260 5424 1 1452800420
615 5424 1 1452800420
260 3629 1 1452800426
615 3629 1 1452800426
260 1071 1 1452800434
615 1071 1 1452800434
260 2202 1 1452800438
615 2202 1 1452800438
260 944 1 1452800441
615 944 1 1452800441
770 10 0 1452800587
425 3534 1 1452808605
827 3534 1 1452808605
690 7592 1 1452816803
370 1872 1 1452830408
156 8327 1 1452832251
801 258 1 1452833257
801 240 1 1452833561
801 1866 0 1452833753
903 16301 1 1452847830
114 14029 1 1452852953
595 589 1 1452859722
790 589 1 1452859722
790 589 0 1452859722
406 2241 1 1452868473
1000 20103 1 1452878509
1000 16915 1 1452878882
438 6754 0 1452880315
973 488 1 1452884382
1000 1375 1 1452892294
45 2488 1 1452896060
45 5472 1 1452896116
722 1879 0 1452906428
200 3579 1 1452914466
200 4367 1 1452914526
200 19160 1 1452915524
200 4614 0 1452923907
200 8481 1 1452923960
200 15134 1 1452924226
200 18095 1 1452924276
200 19159 1 1452924404
510 3 1 1452926385
961 3 1 1452926385
200 15534 0 1452931858
114 2388 1 1452946668
114 5613 1 1452949546
292 1518 1 1452952591
292 76 1 1452953390
200 3104 1 1452969328
626 8641 1 1452975390
200 8275 1 1452976842
125 343 1 1452994878
125 2252 1 1452994897
622 15837 1 1452999809
731 15837 1 1453008395
174 621 1 1453010882
431 3521 1 1453029806
460 278 1 1453034976
704 6705 0 1453040830
279 14673 1 1453048331
866 14673 1 1453048331
973 1634 1 1453060216
126 1973 1 1453062353
402 6203 0 1453072623
526 3509 0 1453073012
526 6361 0 1453073018
526 5150 0 1453073022
526 6150 0 1453073062
526 3355 1 1453073243
324 15837 1 1453078111
730 141 0 1453080223
627 454 1 1453105566
627 469 1 1453105568
627 504 1 1453105587
342 4999 1 1453112378
627 2057 0 1453114744
929 8464 1 1453121191
342 1068 0 1453135457
700 4142 0 1453138292
981 6021 1 1453142374
981 7812 1 1453142379
981 5988 1 1453142391
981 20140 1 1453142484
686 534 1 1453143496
981 10098 1 1453143607
754 2906 1 1453160054
754 4284 1 1453160310
754 581 1 1453167451
823 12045 1 1453204588
436 175 1 1453206640
889 175 1 1453206640
1000 18677 0 1453223183
1000 6498 1 1453223344
1000 5914 1 1453223530
134 2912 1 1453232321
929 8463 1 1453234627
200 5620 0 1453236589
312 3464 1 1453248107
388 283 1 1453248952
380 1375 1 1453250070
932 1375 1 1453250070
388 852 1 1453252090
554 3909 0 1453272477
554 491 1 1453272496
128 746 0 1453278570
257 3731 1 1453284067
47 6088 0 1453285837
292 2281 1 1453288731
627 1976 1 1453294362
47 2548 1 1453296207
200 13 1 1453309750
32 4551 0 1453309889
886 15 1 1453318783
119 2635 1 1453321968
47 7202 1 1453323912
983 589 1 1453332605
388 6745 0 1453340119
791 8553 1 1453367426
903 1343 1 1453381120
47 141 1 1453384237
411 45 0 1453394292
837 7258 0 1453411810
943 16547 0 1453411966
211 7177 1 1453424940
361 1364 0 1453428610
361 542 0 1453428706
361 453 1 1453428959
47 14453 0 1453450444
773 2635 1 1453480281
535 2126 1 1453482981
535 380 0 1453482982
535 3355 0 1453482985
589 633 1 1453484197
200 274 1 1453487892
114 7790 1 1453490796
582 6574 1 1453500556
582 15146 1 1453502208
669 5652 1 1453505355
669 8667 0 1453505461
699 2642 0 1453505778
622 2484 1 1453525120
595 844 1 1453542409
790 844 1 1453542409
342 554 1 1453543254
513 4005 1 1453552799
398 4715 1 1453560449
533 5789 1 1453569937
361 2722 1 1453573056
55 4623 1 1453573164
519 3881 1 1453574544
362 12820 1 1453601115
769 12820 1 1453601115
844 12820 1 1453601115
822 2145 0 1453601718
822 3545 1 1453602268
822 4052 1 1453602286
822 4477 1 1453602299
161 3396 1 1453607726
792 542 0 1453624244
342 16172 1 1453640855
910 5309 0 1453650965
540 1879 1 1453653191
583 1067 0 1453659531
996 1067 1 1453659531
996 1067 0 1453659531
705 1065 0 1453666389
972 1065 0 1453666389
569 10270 0 1453673060
569 18670 1 1453674197
569 4578 1 1453676515
318 2830 0 1453677436
190 18582 0 1453686272
143 110 1 1453688321
62 13058 1 1453691137
708 6194 1 1453695990
6 3174 1 1453728098
532 9536 0 1453736803
532 15 1 1453736934
694 110 1 1453748055
645 508 1 1453761905
645 3078 1 1453762758
455 1501 1 1453795769
455 4556 1 1453795801
569 15929 1 1453804437
292 874 1 1453806330
569 18669 1 1453808160
569 1581 1 1453809147
569 18524 1 1453819558
190 17079 1 1453820077
388 2846 1 1453835412
1000 7729 1 1453849759
339 12 1 1453858309
339 28 0 1453858535
339 38 0 1453859039
274 15 1 1453866235
821 2437 0 1453868327
608 342 0 1453874055
272 454 0 1453903504
622 9034 1 1453918784
622 3249 1 1453919021
402 6202 0 1453944097
622 1009 1 1453957244
114 2783 1 1454000062
243 1328 1 1454005236
339 9 1 1454009084
47 9009 1 1454034086
47 9560 1 1454034594
946 75 1 1454037529
406 52 1 1454041368
47 664 1 1454056744
425 14193 1 1454058169
827 14193 1 1454058169
425 14192 0 1454058225
827 14192 0 1454058225
966 10735 1 1454073220
823 9686 1 1454097728
26 6982 1 1454099176
650 6982 1 1454099176
247 14671 1 1454111618
780 1400 1 1454147787
117 1724 0 1454176043
649 51 1 1454195457
532 621 1 1454196847
532 411 1 1454196850
532 2102 1 1454196855
532 1965 1 1454196858
532 4673 1 1454196863
532 2870 1 1454196870
531 105 0 1454205062
531 9 1 1454206067
837 10217 0 1454206815
837 19140 1 1454206865
638 12 0 1454215812
324 9430 1 1454220372
744 1049 1 1454225691
2 7673 1 1454244799
486 474 0 1454246133
470 178 1 1454246293
929 13915 1 1454261339
149 11 0 1454278650
999 6748 1 1454280586
622 17574 1 1454282034
209 230 1 1454282376
528 16 1 1454292434
342 5608 1 1454321683
86 128 1 1454334019
885 10056 0 1454340325
86 145 1 1454342067
86 6645 1 1454346420
802 8415 0 1454364402
366 2044 1 1454365155
402 6201 1 1454381684
622 4481 0 1454389154
47 1549 1 1454425644
342 13902 1 1454433377
342 4433 1 1454436184
365 1810 1 1454437650
365 1804 1 1454437679
365 1798 0 1454437700
511 1287 1 1454437816
223 398 0 1454443149
215 15 1 1454450215
215 45 1 1454450810
215 6705 1 1454450855
332 15 0 1454479925
622 9687 1 1454480542
553 19317 1 1454491371
292 432 1 1454498291
519 818 0 1454512928
137 6217 1 1454514698
631 343 1 1454524259
200 4394 1 1454559407
200 8214 1 1454559459
809 264 1 1454567572
710 1285 1 1454591336
723 1285 1 1454591336
622 12046 0 1454597198
622 2753 1 1454597221
445 9349 1 1454597873
872 3308 1 1454610359
557 18373 1 1454624403
416 12775 1 1454627324
416 4772 1 1454628647
416 8287 0 1454629519
416 5186 1 1454629523
416 476 1 1454629524
652 472 0 1454637468
652 474 1 1454637509
416 2990 1 1454640691
416 4076 1 1454640691
416 19889 1 1454640693
1000 10193 1 1454642240
625 20 1 1454647824
625 28 1 1454647847
625 28 0 1454647847
625 105 1 1454647871
625 105 0 1454647871
625 21 1 1454647936
625 589 0 1454647938
625 12 0 1454648070
625 51 0 1454648078
342 8107 1 1454664497
911 12 1 1454679125
445 2082 1 1454682934
114 1026 1 1454693380
613 1460 1 1454720771
416 455 0 1454736928
827 3932 0 1454745915
147 175 0 1454747834
416 16260 1 1454773629
416 492 1 1454776641
416 110 1 1454776653
416 28 1 1454776787
416 9 1 1454776806
416 20 1 1454778275
34 18560 1 1454779141
96 262 1 1454780412
441 2252 1 1454794262
569 10808 1 1454799419
705 1064 1 1454803671
972 1064 1 1454803671
592 286 1 1454808168
981 4525 1 1454815230
981 4524 1 1454815274
981 4168 1 1454815397
324 11399 1 1454859391
114 5135 1 1454866400
114 2554 1 1454866405
981 6118 1 1454870973
981 1708 0 1454871136
981 11056 1 1454871221
47 18770 0 1454875095
114 1811 1 1454876452
980 16427 1 1454896712
422 105 1 1454904075
649 368 1 1454907803
649 1101 1 1454907855
649 1371 0 1454907880
292 4031 1 1454939242
734 1866 1 1454943757
680 1311 1 1454949129
981 8737 0 1454950670
226 7658 1 1454951924
226 1958 1 1454951936
226 7657 1 1454951936
226 2482 1 1454951937
226 2484 1 1454951937
327 9216 0 1454952781
809 128 1 1454966655
388 18956 1 1454968070
388 619 1 1454968107
1000 8638 0 1454968186
244 5400 0 1454976489
973 10935 0 1454978449
622 9686 1 1454986528
327 636 1 1454987536
327 9215 1 1454987550
520 95 1 1454992141
411 8486 1 1455009635
981 4088 1 1455025741
47 9107 1 1455047590
47 5452 1 1455048629
1000 5988 0 1455050638
569 2102 1 1455056562
569 991 1 1455056682
396 1201 1 1455068873
622 463 1 1455084732
731 6216 1 1455085701
731 9429 1 1455086451
731 9699 1 1455087187
637 278 1 1455089933
582 18732 1 1455109994
519 597 0 1455115006
932 9508 1 1455134248
201 16292 1 1455137408
1 472 0 1455137752
50 1092 0 1455142829
506 2252 1 1455159775
731 2471 0 1455172179
364 1807 1 1455173202
695 1807 1 1455173202
411 17371 1 1455189559
943 16546 1 1455193903
47 961 1 1455195625
786 851 1 1455209146
786 308 1 1455214616
544 390 1 1455226219
544 2360 1 1455226546
786 481 1 1455226983
544 797 1 1455227458
544 11418 1 1455227466
544 16178 1 1455227569
544 7605 1 1455227573
983 110 1 1455254964
144 665 1 1455291100
144 472 1 1455291120
813 323 1 1455300037
26 1572 0 1455304942
650 1572 0 1455304942
144 6644 1 1455307990
47 5767 0 1455312118
304 9381 1 1455326926
158 9 1 1455330885
458 5309 1 1455344280
256 2138 1 1455358807
90 476 1 1455381158
365 3519 1 1455395165
677 199 1 1455395178
749 4793 1 1455397344
731 14017 1 1455400399
999 45 1 1455406292
402 3032 0 1455413859
461 1968 1 1455429903
831 763 1 1455452945
853 763 1 1455452945
394 1302 1 1455468568
50 8621 0 1455468784
259 2079 1 1455469880
954 2079 1 1455469880
394 16 1 1455478050
622 4018 1 1455493266
364 3069 1 1455528940
695 3069 1 1455528940
364 5068 1 1455529076
695 5068 1 1455529076
364 3038 1 1455529221
695 3038 1 1455529221
903 5327 1 1455540388
836 508 1 1455541096
470 11066 1 1455548614
470 3571 1 1455548724
884 4826 0 1455563008
563 1067 1 1455564189
55 274 1 1455592579
622 14017 1 1455595251
622 6982 1 1455595696
793 4 1 1455599468
116 308 1 1455614359
852 45 1 1455638499
590 5696 1 1455639821
590 6753 1 1455640764
590 2158 1 1455640986
293 2111 1 1455642426
731 15836 1 1455667324
731 9428 1 1455668250
659 1273 1 1455680235
157 175 1 1455708474
243 16163 1 1455712228
57 21 1 1455727305
324 15836 1 1455730272
324 9428 1 1455730481
622 2957 1 1455730495
109 5915 0 1455742970
1000 11625 1 1455749594
145 12 1 1455754441
135 2611 1 1455755340
652 621 0 1455761032
167 6217 0 1455762552
1000 11151 1 1455762888
1000 1666 1 1455762913
1000 6977 1 1455762956
425 1270 1 1455763152
827 1270 1 1455763152
694 492 1 1455765454
622 9428 1 1455770352
622 15836 1 1455770417
731 4017 1 1455774436
569 11773 1 1455803067
240 9428 1 1455805527
339 15 1 1455820746
399 82 0 1455825798
237 6217 1 1455826763
707 6 1 1455836823
915 874 1 1455844393
34 4991 1 1455860631
731 6754 1 1455865635
828 2372 1 1455877155
47 1745 1 1455894090
519 10074 0 1455912510
893 13489 1 1455915370
383 785 1 1455920886
383 1984 1 1455920899
596 1167 1 1455921704
674 16170 1 1455930256
622 4017 1 1455935984
573 12015 1 1455938452
573 11300 1 1455938484
171 92 0 1455958936
280 9051 0 1455973978
280 2892 0 1455974112
280 1748 1 1455974116
280 1749 1 1455974118
280 14945 0 1455974127
280 12552 1 1455974207
280 8781 1 1455974213
280 1892 1 1455974224
280 6645 1 1455974233
280 5909 1 1455974240
280 6728 0 1455974247
280 13297 0 1455974254
280 9977 1 1455974420
280 9921 1 1455974427
280 7333 0 1455974431
280 956 1 1455974439
280 10452 1 1455974445
280 11570 1 1455974449
280 11822 1 1455974454
280 15915 0 1455974483
280 9102 1 1455974522
280 14079 1 1455974528
280 990 1 1455974532
280 2919 1 1455974623
280 11604 1 1455974628
280 958 1 1455974681
280 15914 1 1455974695
280 14752 1 1455974701
280 11818 1 1455974706
280 1642 1 1455974709
280 1452 1 1455974714
280 9 1 1455974747
280 1425 1 1455974806
280 3192 1 1455974814
280 9969 0 1455974824
280 5289 1 1455974835
280 534 1 1455974838
280 449 0 1455974845
280 13308 1 1455974854
280 1648 1 1455974858
280 447 1 1455974863
280 15913 1 1455974867
280 480 1 1455974896
280 576 1 1455974904
280 9222 1 1455974912
280 10879 1 1455974925
280 342 0 1455974965
280 2372 0 1455974970
280 1459 0 1455974978
280 411 1 1455974987
280 2102 1 1455974998
280 179 1 1455975005
280 3545 1 1455975008
280 2871 1 1455975012
280 10551 1 1455975018
280 1770 1 1455975021
280 3955 1 1455975028
280 7042 1 1455975032
280 4361 0 1455975038
280 8878 1 1455975045
280 4107 0 1455975047
280 5537 1 1455975096
280 4046 0 1455975097
280 9227 1 1455975105
280 15325 1 1455975108
280 6241 0 1455975113
280 1634 1 1455975117
280 15912 0 1455975120
280 5738 1 1455975127
280 1624 1 1455975133
280 4552 0 1455975136
280 2870 1 1455975141
280 8962 1 1455975151
280 1272 1 1455975162
280 621 1 1455975170
280 4673 1 1455975176
280 343 0 1455975180
280 1965 1 1455975185
280 584 0 1455975231
280 5685 1 1455975234
280 13306 1 1455975236
280 1456 1 1455975241
280 2178 1 1455975245
280 2177 1 1455975250
280 11533 1 1455975259
280 566 1 1455975261
280 10279 1 1455980894
280 3544 1 1455980900
280 3541 1 1455980927
280 15911 1 1455980931
280 2500 1 1455980938
280 3540 1 1455980942
280 3991 1 1455980975
280 4286 1 1455981323
47 12536 1 1455993041
425 8497 0 1455996463
827 8497 0 1455996463
425 6824 1 1455996550
827 6824 1 1455996550
929 8462 0 1456000259
929 13914 1 1456005313
182 20 1 1456009255
182 20 0 1456009255
182 589 0 1456009326
182 4574 1 1456010122
182 202 0 1456010167
182 12 0 1456010256
622 6754 1 1456035856
20 1507 1 1456049189
835 15432 1 1456059519
167 559 0 1456059629
220 559 0 1456059629
964 5997 1 1456063000
519 748 1 1456079300
519 450 1 1456079304
519 3461 1 1456079357
519 10899 1 1456079384
1000 874 1 1456098818
26 785 1 1456100615
608 11821 1 1456100658
608 2372 1 1456101048
425 4548 1 1456104147
827 4548 1 1456104147
425 2871 1 1456104209
827 2871 1 1456104209
425 3367 1 1456104245
827 3367 1 1456104245
425 10025 1 1456104400
827 10025 1 1456104400
823 10656 0 1456107394
823 12044 1 1456108254
279 2145 1 1456111272
979 6217 0 1456113191
279 2548 1 1456122026
114 1313 1 1456127917
999 5458 1 1456161715
110 18900 1 1456183023
962 18900 1 1456183023
110 8544 1 1456183403
962 8544 1 1456183403
760 3759 1 1456212966
760 12816 1 1456212984
760 12044 1 1456213003
425 636 1 1456252104
827 636 1 1456252104
425 4599 1 1456252464
827 4599 1 1456252464
742 5625 1 1456255813
742 6820 1 1456255818
742 10857 1 1456256206
742 2191 1 1456256553
1000 20102 1 1456258451
194 368 1 1456265624
445 2187 1 1456278302
281 3503 0 1456280995
571 979 1 1456302334
842 979 1 1456302334
152 1174 1 1456307388
365 1185 1 1456314583
202 3 1 1456324498
823 17451 1 1456343331
823 11103 0 1456343345
55 6627 1 1456356610
117 169 1 1456364511
312 1285 1 1456367188
837 492 1 1456380976
791 17719 1 1456392019
663 268 0 1456400528
719 1410 1 1456411792
251 6217 1 1456417084
251 2565 1 1456417098
622 5175 0 1456420041
50 8620 1 1456438707
1000 13300 0 1456442273
331 852 0 1456454314
331 851 0 1456454320
331 6542 1 1456454326
331 5326 1 1456454332
331 1082 0 1456454353
331 6541 1 1456454456
331 6540 1 1456454462
331 4434 0 1456454541
331 6539 0 1456454550
331 6538 1 1456454615
331 481 1 1456455106
331 6537 1 1456455121
595 95 0 1456461299
211 3 1 1456473808
211 3 0 1456473808
903 1270 0 1456482586
966 12306 1 1456483960
742 1239 1 1456489312
742 655 1 1456490226
742 65 0 1456490631
10 542 1 1456498637
445 874 0 1456501716
425 45 1 1456506487
827 45 1 1456506487
92 7398 1 1456512612
871 10 1 1456538232
749 559 1 1456558510
749 275 0 1456558681
280 13321 1 1456564883
47 20447 1 1456565309
47 20446 1 1456565311
280 6125 1 1456571423
157 20164 1 1456581234
151 14902 0 1456599667
34 379 1 1456622646
52 1814 1 1456624216
981 391 1 1456626431
1000 4480 1 1456626589
981 9877 1 1456626805
470 13489 1 1456629903
280 15910 1 1456631364
280 4406 1 1456631379
281 12 1 1456634999
281 1879 1 1456636913
622 17573 1 1456637691
281 9 1 1456639107
816 45 0 1456657425
973 10934 1 1456665567
742 3829 1 1456670549
742 7617 0 1456670702
874 74 1 1456673912
868 16 1 1456675922
958 477 0 1456678149
331 4158 1 1456690327
331 6536 1 1456690346
331 6535 1 1456690399
874 50 1 1456717270
731 10039 1 1456728149
152 9363 1 1456737263
622 8753 0 1456764922
114 1429 1 1456765422
151 14901 1 1456799350
151 2621 1 1456799697
416 281 0 1456801791
731 8753 0 1456802426
622 10039 0 1456805836
731 10116 1 1456806910
622 10656 0 1456810086
622 10452 1 1456810424
622 17572 0 1456812408
731 10656 1 1456813466
731 10452 1 1456814688
69 137 1 1456828254
525 137 1 1456828254
280 1254 1 1456830648
182 21 1 1456846007
144 16 1 1456858224
436 377 1 1456869029
889 377 1 1456869029
622 15112 1 1456886633
622 12816 1 1456886709
3 40 1 1456894778
92 40 1 1456894778
471 40 1 1456894778
622 17571 0 1456898784
243 18545 0 1456916363
820 329 1 1456922146
6 993 0 1456936660
280 15909 0 1456940220
622 6753 1 1456964894
832 15327 1 1456973036
569 18668 1 1456995322
731 17451 1 1457003873
731 134 1 1457004258
823 3150 0 1457009198
519 474 1 1457022147
265 14050 0 1457025424
40 95 1 1457028181
1000 17945 0 1457028194
835 20 1 1457028930
470 877 1 1457032453
116 1285 1 1457043360
625 588 1 1457053316
333 1346 1 1457057789
361 493 1 1457064091
361 3442 0 1457064094
361 2204 1 1457064097
361 105 1 1457064140
888 10 1 1457068524
888 3 1 1457068541
888 1111 0 1457068558
888 20 1 1457069805
166 67 1 1457083897
166 12 1 1457085593
166 38 0 1457085666
166 372 1 1457085716
166 368 0 1457085735
166 367 0 1457085754
166 754 1 1457085763
166 1008 0 1457085818
166 5218 1 1457085826
791 51 1 1457089295
1000 16411 1 1457097140
1000 2286 0 1457097155
1000 6239 1 1457097217
190 2277 1 1457100964
757 3098 1 1457114605
1000 276 1 1457124273
966 12305 1 1457127266
114 4879 1 1457135749
583 2054 1 1457147485
622 9427 1 1457147715
331 649 1 1457151879
762 105 1 1457157208
47 14464 1 1457171823
742 169 1 1457176523
742 164 1 1457176535
742 632 1 1457176619
710 3461 0 1457199188
723 3461 0 1457199188
333 12168 1 1457209018
122 13197 1 1457209125
122 3941 1 1457209232
122 4553 1 1457209234
122 7803 1 1457209344
122 13196 1 1457209367
122 10724 0 1457209395
122 3735 1 1457209656
122 2007 1 1457209700
333 20539 1 1457209707
122 3589 0 1457209909
333 6490 0 1457210318
333 20207 1 1457210889
333 11213 0 1457214841
383 1879 1 1457222410
731 9427 1 1457224765
470 993 0 1457232821
240 3520 1 1457236205
767 21025 1 1457259538
999 391 1 1457271520
721 1253 1 1457273086
785 1253 1 1457273086
251 2192 1 1457276830
290 3252 1 1457283987
374 3252 1 1457283987
333 1425 1 1457284328
333 95 1 1457287252
369 8081 1 1457287543
721 463 1 1457304184
785 463 1 1457304184
608 7006 1 1457304211
470 5581 1 1457319683
632 1469 1 1457328649
632 45 1 1457328652
425 546 1 1457332708
827 546 1 1457332708
569 18667 1 1457343129
569 18666 1 1457359647
569 13607 1 1457367908
622 17451 1 1457374460
251 190 1 1457381849
92 1730 0 1457383173
983 9 0 1457404581
10 2145 1 1457407399
632 137 1 1457430188
713 10402 1 1457431685
713 852 1 1457446386
714 12 1 1457454963
714 12 0 1457454963
436 128 0 1457456825
889 128 0 1457456825
929 13913 0 1457472285
1 4906 1 1457475476
981 3 1 1457483649
981 10 1 1457483672
700 4141 0 1457484562
981 8827 0 1457485230
981 10011 1 1457485334
589 474 1 1457488406
622 12306 1 1457504682
6 1455 1 1457525622
742 52 1 1457530326
742 6083 1 1457530620
197 4580 1 1457548177
999 5457 0 1457560023
870 5697 1 1457561211
1000 5309 1 1457574172
470 905 1 1457577276
622 425 0 1457581794
111 4052 0 1457581875
394 4052 0 1457581875
331 6534 0 1457582165
622 424 1 1457582667
900 7390 1 1457588865
283 51 1 1457621162
402 3804 1 1457623547
379 18932 1 1457624277
622 15671 1 1457628674
773 2044 0 1457692216
935 8663 1 1457693954
903 8553 0 1457697212
713 1270 1 1457705367
773 6200 1 1457712753
195 6 0 1457713059
871 6217 0 1457720564
542 1003 1 1457741324
622 17570 1 1457752247
622 7976 1 1457754096
290 85 1 1457758012
505 85 1 1457758012
3 416 0 1457765058
92 416 0 1457765058
471 416 0 1457765058
719 262 0 1457780229
47 4197 1 1457786294
166 45 1 1457790687
857 1273 1 1457794173
167 13 1 1457797012
220 13 1 1457797012
580 1440 1 1457801644
50 16 0 1457804874
941 45 1 1457812838
652 6 0 1457848016
148 1800 1 1457851123
917 1800 1 1457851123
126 271 1 1457861560
470 759 1 1457868780
470 874 0 1457868784
719 424 1 1457873990
719 545 0 1457874227
719 546 1 1457874274
719 12275 1 1457876387
573 5671 1 1457876976
1000 14218 1 1457880309
627 21 1 1457880894
573 17471 0 1457891209
912 11162 1 1457893056
899 488 1 1457904648
622 11415 1 1457906299
929 13912 0 1457910557
425 449 0 1457930282
827 449 0 1457930282
622 10833 1 1457967212
622 17569 0 1457986203
622 1013 1 1457989641
600 449 1 1457989831
622 12305 1 1457989864
622 15111 1 1457990011
775 14914 1 1458074241
23 17498 1 1458075388
932 259 1 1458083332
932 36 0 1458084040
439 11066 1 1458098852
563 5922 1 1458119410
832 15326 1 1458123486
513 14978 0 1458135138
550 3150 1 1458170938
974 273 0 1458175889
194 805 1 1458178320
222 805 1 1458178320
240 16436 0 1458183965
69 11766 1 1458187041
525 11766 1 1458187041
569 243 1 1458213650
63 2862 1 1458242595
783 346 1 1458252227
718 2269 1 1458273946
171 1317 0 1458280193
927 14813 1 1458301449
462 5821 0 1458313466
622 11204 1 1458315433
1000 20101 1 1458319958
783 117 0 1458331304
783 358 1 1458331464
371 621 1 1458350437
371 178 1 1458350746
579 12538 0 1458354505
622 14278 1 1458358143
889 2799 1 1458365338
168 7638 1 1458389883
783 697 1 1458390540
240 12044 1 1458402400
783 519 1 1458411763
797 6651 1 1458429989
622 11537 1 1458441678
622 9395 1 1458442810
783 2410 1 1458452161
990 4766 0 1458457478
990 13 0 1458458036
324 11537 0 1458489438
324 9395 1 1458489843
783 351 0 1458507629
49 1548 1 1458511788
603 1548 1 1458511788
622 12044 0 1458514848
809 3 1 1458515532
809 3 0 1458515532
109 1272 1 1458517927
49 87 1 1458518522
603 87 1 1458518522
915 841 1 1458524992
310 9095 1 1458531603
640 262 1 1458539334
640 259 1 1458539344
190 1169 0 1458572845
719 3182 0 1458573897
365 10527 1 1458579024
331 841 1 1458592056
331 6533 1 1458592152
331 6532 1 1458592202
331 6531 0 1458592235
331 6530 1 1458592240
331 6529 1 1458592328
331 6528 1 1458592789
331 6527 0 1458592817
331 6526 1 1458592822
331 6525 1 1458592844
324 12044 0 1458601915
990 145 1 1458605725
990 164 1 1458605740
990 38 1 1458605758
990 591 1 1458605771
200 9403 1 1458609808
240 473 1 1458609811
240 1364 1 1458609829
240 1186 1 1458609849
240 5449 1 1458609882
416 12044 1 1458613963
823 12043 1 1458645745
719 583 1 1458660920
190 7337 0 1458676351
190 1156 1 1458676356
190 3628 1 1458676373
171 33 1 1458680624
47 7473 1 1458688105
111 2182 1 1458700277
394 2182 1 1458700277
318 1537 1 1458711768
47 3988 1 1458745924
47 5541 1 1458745942
74 20 1 1458747294
74 20 0 1458747294
74 12 1 1458747406
74 12 0 1458747406
74 28 0 1458747421
278 10735 0 1458780864
134 8740 0 1458791666
719 336 1 1458833156
172 3847 1 1458835551
172 589 0 1458835917
561 286 0 1458836609
726 286 0 1458836609
278 10734 0 1458858519
190 18581 1 1458893017
783 8665 1 1458896024
996 2545 1 1458918723
513 14977 1 1458936962
903 10270 1 1458937676
436 2248 1 1458947770
889 2248 1 1458947770
475 937 1 1458950377
131 2274 1 1458955493
786 2274 1 1458955493
131 6056 1 1458955858
786 6056 1 1458955858
776 13958 1 1458961028
536 1270 1 1458962239
622 3150 1 1458963136
318 610 0 1458994454
284 6 0 1459021231
870 454 1 1459023923
504 9257 1 1459024687
114 2255 1 1459031659
114 3044 1 1459031673
867 372 1 1459035596
846 3084 1 1459037011
846 3952 1 1459040342
742 3914 0 1459068563
742 5476 1 1459068594
742 554 1 1459068907
742 3872 1 1459068908
742 9563 1 1459068912
742 382 1 1459069000
742 806 1 1459069031
742 806 0 1459069031
742 3370 1 1459069034
999 169 1 1459084016
114 696 0 1459085094
36 1440 1 1459109017
836 454 1 1459117041
622 4016 1 1459124254
47 3490 0 1459178821
981 2796 1 1459179137
836 82 1 1459201355
987 463 0 1459204323
987 1014 1 1459210980
632 475 1 1459219531
660 12 1 1459235298
719 2442 1 1459254102
821 13964 1 1459254655
694 2793 1 1459270130
573 18547 1 1459282743
573 3433 1 1459282839
114 3077 0 1459282993
783 5805 1 1459283800
369 110 1 1459290207
369 21 1 1459290306
369 5518 1 1459290442
470 1521 1 1459293269
