10336 12749 1 1445971269
18482 15 0 1446831155
18482 3505 1 1444618260
4420 3932 0 1454745915
9030 6 1 1450163695
9030 45 1 1456506487
9030 57 0 1451510340
9030 169 1 1450377673
9030 178 0 1450164285
9030 253 1 1451510609
9030 327 1 1452058086
9030 330 1 1452058005
9030 342 1 1450377996
9030 411 1 1446589910
9030 449 0 1457930282
9030 465 1 1450163877
9030 472 1 1450377952
9030 546 1 1457332708
9030 636 1 1456252104
9030 1130 1 1451510715
9030 1131 1 1451510861
9030 1258 1 1450166303
9030 1265 1 1450165972
9030 1270 1 1455763152
9030 1272 1 1446589892
9030 1281 1 1450377880
9030 1407 1 1451510500
9030 1411 1 1451510318
9030 1471 0 1450162939
9030 1497 1 1450163570
9030 1965 1 1446590032
9030 2102 1 1450377935
9030 2287 1 1450206618
9030 2326 0 1450163457
9030 2372 1 1446589946
9030 2749 1 1451510866
9030 2870 1 1446589969
9030 2871 1 1456104209
9030 3367 1 1456104245
9030 3534 1 1452808605
9030 4267 1 1451510533
9030 4326 0 1452056878
9030 4548 1 1456104147
9030 4599 1 1456252464
9030 4712 1 1450162820
9030 5832 1 1450166249
9030 5864 1 1445780579
9030 6346 1 1450166643
9030 6746 1 1451510573
9030 6824 1 1455996550
9030 8497 0 1455996463
9030 10025 1 1456104400
9030 10507 1 1445493422
9030 10601 1 1445975552
9030 11100 1 1446536158
9030 12541 0 1446064485
9030 13277 1 1451975982
9030 14192 0 1454058225
9030 14193 1 1454058169
9030 14194 1 1451511019
9030 14195 0 1451510736
9030 14196 1 1438626425
18520 13058 1 1453691137
11159 16 1 1443281202
16879 9 1 1454206067
16879 105 0 1454205062
10060 14987 1 1448920831
714 2642 0 1453505778
4229 9270 1 1451716955
14578 67 0 1440840273
2162 51 1 1457621162
717 1507 1 1456049189
717 2645 1 1448625662
9382 8157 1 1440672098
20585 7784 1 1437333056
20585 21090 1 1437284589
20585 21091 1 1437284443
14668 3 1 1445892868
14668 10 1 1445895254
14668 11 1 1446431541
14668 12 1 1445890407
14668 20 1 1446431677
14668 28 1 1447122828
5251 308 0 1439731702
5175 763 1 1455452945
12143 16497 1 1449340317
8418 75 1 1450020706
8418 1476 1 1451842065
16558 15 1 1439759180
4503 67 1 1451663163
195 937 1 1458950377
11812 2378 0 1444286977
5752 6 1 1445734936
5752 65 1 1446686738
5752 545 1 1441385017
6970 444 1 1443496808
7147 12620 1 1450519601
11084 12 1 1438682577
11084 3180 1 1442415672
12242 1435 1 1443814503
10468 45 1 1457790687
12560 9 1 1457086066
12560 12 1 1457085593
12560 38 0 1457085666
12560 67 1 1457083897
12560 367 0 1457085754
12560 368 0 1457085735
12560 372 1 1457085716
12560 754 1 1457085763
12560 1008 0 1457085818
12560 5218 1 1457085826
5982 4551 0 1453309889
5982 7256 1 1449404950
17381 1285 1 1451993991
5300 2145 1 1440956061
7224 4956 1 1437089275
7224 12745 1 1451778774
14629 174 1 1441365885
14629 1285 1 1454591336
14629 3461 0 1457199188
14629 9309 1 1441365887
14629 18052 1 1449105725
16474 8544 1 1456183403
16474 18900 1 1456183023
18360 9 1 1446864419
18360 12 1 1446864388
18360 74 0 1447987627
16228 18932 1 1457624277
370 1375 1 1453250070
4539 160 1 1445912418
4539 2260 1 1445912426
12510 36 0 1458084040
12510 259 1 1458083332
12510 9508 1 1455134248
7019 5861 1 1442517533
7813 15 1 1441438230
7813 5537 0 1447250036
4829 76 1 1448149061
4829 102 1 1440628825
4829 175 1 1443837491
4829 1664 1 1449951049
4829 1968 1 1455429903
4829 3150 1 1447728046
4829 5335 0 1439079684
4829 7735 1 1447013688
4829 9730 0 1442704691
4829 9775 1 1439079719
4829 10079 1 1452492458
4829 10080 1 1449950949
8712 32 1 1446967957
8712 5033 0 1447904561
19982 2072 0 1449521296
15351 257 1 1446723240
15351 258 1 1446723081
15351 338 1 1447628907
15351 435 1 1446723231
15351 589 1 1452859722
15351 844 1 1453542409
15351 1043 1 1448293794
15351 1061 1 1447948310
15351 1493 1 1439892930
15351 1545 0 1447948018
15351 10183 1 1448293804
15351 10565 1 1448293648
15351 16114 1 1452679684
15351 18485 1 1449844017
2923 11 0 1454278650
9224 175 1 1448039782
9224 2118 1 1447955209
9224 8755 1 1447955439
9224 14186 1 1447955387
18867 17236 1 1443766590
19051 2044 1 1454365155
11452 1528 1 1445138928
12823 16932 1 1450201406
12823 16933 1 1449599506
11261 178 1 1458350746
11261 621 1 1458350437
374 1400 0 1451717476
3567 75 1 1446543367
11792 16 1 1456675922
15373 604 0 1439147153
1794 475 1 1445828655
1794 5697 1 1450070694
1794 5698 1 1445826885
6353 10 1 1446773715
6353 137 1 1456828254
6353 145 1 1445263107
6353 271 1 1444578617
6353 343 1 1450800949
6353 848 0 1440329369
6353 1002 1 1444577673
6353 2489 1 1444577722
6353 2668 1 1447032647
6353 3591 1 1444578635
6353 3823 1 1436944530
6353 8142 0 1444578626
6353 11766 1 1458187041
6633 430 1 1443816080
6633 2241 1 1452868473
6633 5628 1 1452742439
13023 52 1 1454041368
5882 3 0 1442527020
5882 411 1 1449343870
5882 430 1 1447575668
6975 3 1 1452070076
17596 18485 1 1447946993
2861 64 1 1439692536
2861 90 1 1439693778
2861 175 1 1452451964
2861 240 1 1452833561
2861 257 1 1451603043
2861 258 1 1452833257
2861 1043 1 1439690847
2861 1866 0 1452833753
7953 3361 1 1451452804
20519 2248 1 1440379653
7684 45 0 1442115148
7684 169 1 1442109698
7684 367 1 1442109626
8525 398 0 1454443149
891 9 1 1444359324
891 20 1 1440793204
891 28 1 1440793181
891 69 0 1437791130
891 105 1 1437791130
891 110 1 1444359729
891 190 1 1444359263
891 336 0 1437791126
891 374 1 1437793964
891 382 0 1437791129
891 774 1 1439002567
891 1124 0 1437794032
891 1537 1 1444359733
891 2815 1 1444358996
891 3238 1 1437794033
891 3239 1 1437791132
891 3240 1 1437791128
2706 3 1 1439787740
2706 10 1 1439787814
10507 2182 0 1440682676
15226 10 1 1452390261
15226 13 1 1452390107
15226 32 1 1438228322
15226 45 0 1456657425
15226 545 1 1451628331
15226 546 1 1451389876
15226 7435 1 1451631690
4780 20 1 1457028930
7575 1459 1 1451858788
14267 1203 1 1448291128
19895 15432 1 1456059519
9546 2635 1 1449824157
14549 3 1 1456324498
17215 263 1 1451930592
1655 5411 1 1445307499
10449 15379 0 1451879153
18521 859 1 1440983731
4344 1201 1 1455068873
4619 4127 0 1437382275
4619 4281 1 1437459194
4619 6689 1 1437470175
4619 6954 0 1437383674
4619 7314 1 1437458647
4619 9561 1 1437458809
4619 9565 1 1437459099
4619 9624 1 1437470359
4619 9625 1 1437458786
4619 9626 1 1437458701
4619 9627 0 1437458659
4619 9628 0 1437458654
4619 9629 1 1437457751
4619 9630 1 1437385002
20314 12055 1 1450390219
10151 14671 1 1454111618
2721 476 1 1455381158
2721 2295 1 1446578389
20411 1787 1 1445107468
4041 21 1 1445887559
7978 3 1 1447864145
7978 50 1 1456717270
7978 74 1 1456673912
7978 4759 0 1440735403
7978 11048 1 1441280858
7978 13157 1 1441080790
7978 13158 1 1439948918
8791 117 1 1445465378
8791 291 1 1448654870
8791 348 1 1447880788
8791 696 0 1459085094
8791 732 1 1440527613
8791 1026 1 1454693380
8791 1311 0 1445196225
8791 1313 1 1456127917
8791 1429 1 1456765422
8791 1811 1 1454876452
8791 2255 1 1459031659
8791 2388 1 1452946668
8791 2554 1 1454866405
8791 2613 0 1452058286
8791 2783 1 1454000062
8791 3018 1 1443577365
8791 3025 1 1446662219
8791 3044 1 1459031673
8791 3069 1 1451656445
8791 3077 0 1459282993
8791 3381 1 1451038416
8791 4879 1 1457135749
8791 5065 1 1445360232
8791 5068 1 1447416588
8791 5135 1 1454866400
8791 5260 0 1451156063
8791 5495 0 1441130528
8791 5498 0 1441130510
8791 5501 0 1444528373
8791 5506 1 1441130494
8791 5613 1 1452949546
8791 7008 1 1442972458
8791 7790 1 1453490796
8791 11584 1 1441129392
8791 14029 1 1452852953
536 1460 1 1454720771
536 1718 1 1441390714
16629 5861 1 1450417026
16629 8181 1 1450421660
16629 19088 1 1450421800
16187 16163 1 1455712228
16187 18545 0 1456916363
19854 1328 1 1454005236
9949 2621 1 1456799697
9949 14901 1 1456799350
9949 14902 0 1456599667
9949 14903 0 1446604674
9949 14904 1 1443573230
9949 14905 1 1443573168
6500 621 1 1448980450
784 2850 1 1439872115
1318 343 1 1448961772
1318 454 1 1459023923
1318 472 1 1451695724
1318 3798 1 1444409681
6775 1460 1 1451093225
6775 3534 1 1451093193
10795 5697 1 1457561211
12658 285 1 1451860595
12658 343 1 1451820715
12658 470 1 1451822613
12658 1807 1 1455173202
12658 2556 1 1448973162
12658 2850 0 1450261593
12658 3038 1 1455529221
12658 3069 1 1455528940
12658 3091 0 1451822638
12658 3214 1 1451868444
12658 4158 1 1448974003
12658 5068 1 1455529076
12658 8767 1 1450395560
19731 271 1 1446657818
241 1064 1 1454803671
241 1065 0 1453666389
241 1066 1 1451690740
241 1067 1 1448228784
241 1068 1 1443403950
241 1069 1 1437269853
16808 5309 1 1455344280
15007 2274 1 1458955493
15007 6056 1 1458955858
722 1400 1 1454147787
18437 9 1 1454776806
18437 10 1 1452380806
18437 16 1 1452636607
18437 20 1 1454778275
18437 28 1 1454776787
18437 105 0 1452437284
18437 110 1 1454776653
18437 129 1 1447768689
18437 281 0 1456801791
18437 455 0 1454736928
18437 476 1 1454629524
18437 492 1 1454776641
18437 944 0 1452441956
18437 1111 1 1452380842
18437 1285 1 1452441081
18437 1538 1 1452380850
18437 2796 1 1452380869
18437 2990 1 1454640691
18437 3721 0 1452443105
18437 4076 1 1454640691
18437 4772 1 1454628647
18437 5186 1 1454629523
18437 5706 1 1452442885
18437 7312 0 1452118343
18437 8287 0 1454629519
18437 12044 1 1458613963
18437 12775 1 1454627324
18437 16260 1 1454773629
18437 19889 1 1454640693
15017 1272 1 1450773745
15017 11066 1 1458098852
15821 2550 1 1437731240
5074 69 1 1443937345
5074 149 1 1443937352
6245 32 1 1444562718
6245 178 1 1444543555
19619 117 0 1458331304
19619 346 1 1458252227
19619 351 0 1458507629
19619 358 1 1458331464
19619 519 1 1458411763
19619 697 1 1458390540
19619 2410 1 1458452161
19619 5805 1 1459283800
19619 8665 1 1458896024
5079 174 1 1443322393
5079 474 1 1445222570
5079 1401 1 1447256150
5079 3972 0 1442783599
5079 7208 0 1443325381
5079 10321 1 1440551363
5079 10322 1 1440376597
5079 10323 1 1439080711
5079 10324 0 1438746083
15257 85 1 1457758012
12682 296 1 1444314905
6961 621 1 1447152916
6961 774 0 1444675304
6961 1879 1 1453653191
6961 5594 1 1444339790
15635 175 0 1454747834
5442 953 0 1444766753
11344 16 1 1456858224
11344 45 1 1443016960
11344 472 1 1455291120
11344 665 1 1455291100
11344 2223 1 1449866708
11344 6644 1 1455307990
18042 1009 0 1451434873
18042 1455 1 1451285137
18042 1591 0 1441330097
18042 1742 1 1445407339
18042 2314 1 1442688835
18042 2871 0 1445407706
18042 3130 1 1442121131
18042 3534 1 1451289240
18042 4326 1 1439850258
18042 6021 1 1451290123
18042 9137 1 1445407261
18042 10301 1 1451290230
18042 10408 0 1437075472
18042 10495 0 1439850305
18042 11065 1 1451711958
18042 11815 0 1439850191
18042 12332 1 1445407209
18042 12361 1 1442111916
18042 13321 1 1451285109
18042 14887 1 1451284573
18042 15534 0 1451284528
18042 16602 1 1442121205
18042 18904 0 1451286567
5776 64 1 1445808824
5776 3214 0 1451230060
5776 5688 1 1451230069
5776 8408 1 1451230070
8208 759 1 1457868780
8208 874 0 1457868784
8208 877 1 1457032453
8208 905 1 1457577276
8208 993 0 1457232821
8208 1440 1 1442541613
8208 1521 1 1459293269
8208 5581 1 1457319683
8208 13489 1 1456629903
15998 137 1 1443374899
15998 178 1 1454246293
15998 343 1 1447656496
15998 411 1 1447656518
15998 465 1 1443374828
15998 472 1 1447656498
15998 1053 1 1443374962
15998 1270 1 1443367963
15998 1452 1 1443374907
15998 1468 1 1448646705
15998 1471 0 1443374733
15998 2372 0 1447656521
15998 2870 1 1447656514
15998 3571 1 1455548724
15998 11066 1 1455548614
2691 10 1 1447637030
2691 20 1 1447633131
2691 50 1 1447637378
2691 51 1 1447633124
2691 75 1 1447624854
2691 143 1 1447629944
2691 3197 1 1447637395
2691 3983 0 1447631316
2691 6358 1 1447631197
2691 6675 1 1447631229
2691 7226 0 1447631329
2691 7227 1 1447631309
16706 7673 1 1454244799
18053 175 1 1448606574
11569 1049 1 1454225691
9969 6 1 1446297959
9969 2644 1 1446694676
9969 14914 1 1458074241
3471 1003 1 1440180255
13824 1056 0 1443042285
15025 418 1 1442746634
15025 2220 1 1441346077
15025 3061 0 1440763814
15025 4121 1 1440766582
15025 5666 1 1440762916
7303 6 0 1445847205
7303 391 0 1446812001
7303 1053 1 1446025491
7303 1265 0 1446813946
7303 1470 0 1445847212
7303 2622 1 1446025499
7303 2763 1 1446103277
7303 3573 1 1446025491
7303 3574 0 1446025490
7303 3798 1 1442744603
7303 4673 1 1446103254
7303 5668 1 1444555339
7303 12156 1 1446813947
2704 150 1 1446532392
2704 1501 1 1453795769
2704 4556 1 1453795801
13443 137 0 1448167160
13443 449 1 1441660086
13443 469 1 1448166999
3334 1923 1 1446676292
3334 6721 1 1444751904
4309 874 0 1456501716
4309 1078 1 1445874172
4309 1178 1 1445385008
4309 1459 1 1447355631
4309 1460 1 1451506791
4309 1892 0 1444389775
4309 2082 1 1454682934
4309 2187 1 1456278302
4309 4019 1 1452607434
4309 4673 1 1446552636
4309 5881 1 1449601104
4309 7968 1 1445698723
4309 9349 1 1454597873
4309 9350 1 1450225441
4309 9351 1 1449464181
4309 9352 1 1447431206
4309 9353 1 1444923876
3238 774 1 1439017515
15562 4580 1 1457548177
4465 591 1 1438412115
16512 2248 0 1446242846
12469 9448 1 1444847986
12469 16729 1 1448542779
10326 65 0 1448981291
11957 276 1 1447610557
11957 495 1 1447610826
11957 6110 1 1447610539
11957 7006 1 1447610602
11957 7630 1 1447610315
11957 8384 1 1447609096
11957 8688 1 1447610406
11957 8950 1 1447601810
11957 8960 1 1447610579
11957 12953 1 1447610563
11957 14183 1 1447610405
11957 16344 0 1451681958
11957 16409 1 1447610962
18737 31 1 1448665492
18737 63 1 1452293886
18737 175 1 1451911995
18737 179 1 1446572776
18737 276 1 1457124273
18737 342 1 1446572742
18737 391 1 1445574474
18737 411 1 1446573144
18737 599 1 1446005075
18737 874 1 1456098818
18737 1272 1 1446572745
18737 1375 1 1452892294
18737 1459 1 1446572773
18737 1522 1 1442943503
18737 1561 1 1440186941
18737 1666 1 1455762913
18737 1718 1 1441393605
18737 1729 1 1447271803
18737 1747 1 1447639342
18737 1762 0 1446005060
18737 1792 1 1448665788
18737 2102 1 1446573202
18737 2131 1 1444787278
18737 2286 0 1457097155
18737 2431 1 1451912193
18737 2612 1 1451429035
18737 2870 1 1446573186
18737 3191 0 1450112989
18737 3217 1 1446572736
18737 3848 1 1440186924
18737 4001 1 1451429053
18737 4162 0 1440883833
18737 4480 1 1456626589
18737 4525 1 1446005031
18737 4673 0 1446572739
18737 5151 1 1451912202
18737 5309 1 1457574172
18737 5691 1 1438283729
18737 5830 1 1446004918
18737 5914 1 1453223530
18737 5988 0 1455050638
18737 6239 1 1457097217
18737 6278 1 1446005066
18737 6498 1 1453223344
18737 6977 1 1455762956
18737 7317 0 1440883938
18737 7479 1 1438656125
18737 7729 1 1453849759
18737 7824 1 1438283653
18737 7836 1 1451444478
18737 8010 1 1452274293
18737 8638 0 1454968186
18737 8878 1 1438983722
18737 9554 1 1452293451
18737 10193 1 1454642240
18737 10292 1 1451172390
18737 10562 1 1448203868
18737 11151 1 1455762888
18737 11226 0 1447271798
18737 11625 1 1455749594
18737 13300 0 1456442273
18737 14200 1 1441742220
18737 14218 1 1457880309
18737 16163 1 1449786992
18737 16411 1 1457097140
18737 16915 1 1452878882
18737 17945 0 1457028194
18737 18677 0 1453223183
18737 20101 1 1458319958
18737 20102 1 1456258451
18737 20103 1 1452878509
18737 20104 1 1450394746
5874 3244 0 1441948182
5874 8645 1 1449194184
9967 916 1 1451440085
14365 38 1 1445079255
14365 1853 0 1444385040
14365 13753 1 1439712825
4529 20 1 1451510338
4529 450 1 1451750626
6909 2145 0 1452537543
6909 12455 1 1452538163
2816 21 1 1451917103
2816 2249 1 1439367211
2816 2464 1 1439367277
6034 474 1 1443651095
16862 6 0 1457713059
3657 2878 0 1451457191
8066 308 0 1439025602
12186 7523 1 1449344070
12186 16546 1 1455193903
12186 16547 0 1453411966
12235 546 1 1451619599
7604 9 1 1440130888
7604 10 1 1448249331
7604 58 1 1440134501
7604 67 1 1448249849
7604 91 1 1448497016
7604 143 1 1448249864
7604 145 0 1448249346
7604 559 1 1448249843
7604 1076 1 1448249886
7604 1390 1 1451606485
7604 4112 0 1450038866
7604 5423 1 1449433602
7604 8130 1 1448757884
15133 21 1 1442103800
15133 67 1 1442896016
15133 68 1 1452574291
15133 85 1 1452058251
15133 777 1 1452574170
15133 979 1 1442103970
15133 1185 1 1438668511
15133 1244 1 1443157851
15133 1245 1 1437718871
15133 1800 1 1457851123
15133 3195 1 1439011936
15133 3404 1 1443587669
15133 4564 0 1452574456
15133 4881 1 1445574245
15133 6884 1 1439522535
15133 8767 1 1441504118
15133 13592 0 1443157533
15133 16507 1 1438556079
15133 18384 1 1439521985
9001 16 1 1441359741
9001 5320 1 1451630013
14541 7638 1 1458389883
13664 12 0 1451546551
13664 480 1 1451545672
16366 64 1 1439427207
352 95 1 1451102374
10058 465 0 1446554374
10058 632 1 1448312161
18764 20135 1 1451703910
12277 33 1 1439867307
12277 45 1 1457328652
12277 137 1 1457430188
12277 338 1 1450249520
12277 475 1 1459219531
12277 1469 1 1457328649
3778 2912 1 1453232321
3778 4029 1 1450813045
3778 5830 1 1449698096
3778 8740 0 1458791666
20153 4228 1 1443130066
3683 8641 1 1452975390
16292 10 0 1452800587
16292 12 1 1452797982
16292 767 0 1452744147
16292 9433 1 1452744150
14681 5494 1 1437921244
4888 1206 1 1437917229
4888 1270 0 1456482586
11772 1343 1 1453381120
11772 2252 1 1449610587
11772 5327 1 1455540388
11772 8553 0 1457697212
11772 10270 1 1458937676
11772 12162 0 1446653444
11772 16253 1 1449610213
11772 16301 1 1452847830
11772 16302 1 1448099215
11772 16303 1 1446839291
20184 12 1 1457454963
12787 474 1 1457022147
12787 597 0 1455115006
12787 771 1 1442060343
12787 818 0 1454512928
12787 3881 1 1453574544
12787 8689 1 1446135363
17812 50 1 1440990234
17812 404 1 1441307168
17812 450 1 1456079304
17812 748 1 1456079300
17812 1727 0 1439078367
17812 3461 1 1456079357
17812 4434 1 1439078401
17812 10074 0 1455912510
17812 10170 1 1441300980
17812 10899 1 1456079384
860 445 1 1442314860
860 3150 1 1458170938
860 3151 1 1451647499
860 3152 1 1447113062
860 3153 1 1444384501
860 3154 1 1442314645
860 3155 0 1438597618
860 3156 1 1437865478
860 3157 1 1437865376
1227 202 1 1442409681
1227 469 1 1445209351
1227 3126 1 1450484872
1227 4141 0 1457484562
1227 4142 0 1453138292
1227 4143 1 1449597295
1227 4144 1 1444687672
1227 4145 1 1437352421
9621 57 1 1449684946
9621 1460 1 1448163665
17255 7965 1 1448847649
15465 1156 1 1458676356
15465 1169 0 1458572845
15465 2277 1 1457100964
15465 2511 1 1452066589
15465 3528 1 1452753082
15465 3628 1 1458676373
15465 5172 1 1447387954
15465 5699 1 1437518394
15465 6032 0 1440321057
15465 7337 0 1458676351
15465 8628 1 1446519352
15465 10226 1 1450172383
15465 10342 1 1450226011
15465 11232 1 1450533867
15465 12745 0 1450169488
15465 13050 1 1449406519
15465 13088 1 1450413706
15465 14123 0 1450230777
15465 16261 1 1445663908
15465 17079 1 1453820077
15465 18581 1 1458893017
15465 18582 0 1453686272
15465 18583 0 1449620346
15465 18584 1 1447037316
15465 18585 1 1446540947
15465 18586 1 1446128184
15465 18587 1 1443321752
15465 18588 0 1443234876
15465 18589 1 1442465922
15465 18590 0 1439618850
17533 82 0 1455825798
18380 1814 1 1456624216
18380 14653 1 1452020314
18063 4 1 1442214564
18063 134 1 1457004258
18063 445 1 1442559148
18063 472 1 1445305629
18063 1006 1 1451498287
18063 2300 1 1447887293
18063 2471 0 1455172179
18063 2873 1 1439485787
18063 3152 1 1444449138
18063 3246 1 1449031741
18063 3249 1 1450250769
18063 4017 1 1455774436
18063 4019 1 1451093477
18063 4021 1 1445839896
18063 5360 0 1441507257
18063 6216 1 1455085701
18063 6754 1 1455865635
18063 6755 0 1446273240
18063 6819 1 1438046291
18063 7629 1 1451468310
18063 7868 1 1441389203
18063 8343 1 1444168388
18063 8344 0 1439266138
18063 8597 1 1451543682
18063 8622 1 1445920169
18063 8645 0 1445842811
18063 8753 0 1456802426
18063 9202 1 1441387997
18063 9427 1 1457224765
18063 9428 1 1455668250
18063 9429 1 1455086451
18063 9699 1 1455087187
18063 9815 1 1444178814
18063 10039 1 1456728149
18063 10116 1 1456806910
18063 10452 1 1456814688
18063 10656 1 1456813466
18063 10826 0 1440179382
18063 10835 0 1442451941
18063 12725 1 1439262028
18063 12750 0 1442882605
18063 12769 1 1443332847
18063 12815 1 1447565000
18063 13315 1 1444177549
18063 14017 1 1455400399
18063 15086 1 1443332832
18063 15114 1 1445751339
18063 15836 1 1455667324
18063 15837 1 1453008395
18063 15984 1 1445071732
18063 17451 1 1457003873
18063 17579 1 1447813871
18063 17580 1 1445841987
18063 17581 1 1446099963
18063 17583 1 1444173440
18063 17592 1 1441171594
18063 17609 0 1439850943
18063 18366 1 1445305327
18063 18457 0 1448475507
18063 19766 0 1449800190
18063 19767 1 1448599587
18063 19768 1 1448476237
5670 785 1 1447821753
8651 9 0 1439950548
8651 805 1 1458178320
8651 13947 1 1439865755
18801 368 1 1456265624
16534 6651 1 1458429989
767 300 0 1444410442
767 2819 0 1444410464
13893 20 1 1457370475
13893 17498 1 1458075388
16097 15 1 1453866235
2876 251 1 1449611697
17208 544 1 1438793984
18451 488 1 1457904648
18413 545 0 1447689579
18413 11414 1 1447689606
6758 129 1 1441634215
6758 448 1 1437177818
6758 573 1 1442320044
6758 1105 1 1437414751
6758 2793 1 1437414749
6758 6645 1 1443010700
6758 8781 1 1441298058
6758 10521 1 1437414753
6758 10735 1 1454073220
6758 12305 1 1457127266
6758 12306 1 1456483960
6758 12307 1 1446819019
6758 12308 1 1441899397
11486 101 1 1445681817
11486 149 1 1439722076
11486 169 1 1443793760
11486 234 1 1440608286
11486 450 1 1451860554
11486 485 1 1452082848
11486 554 1 1453543254
11486 591 0 1440589073
11486 832 1 1440080351
11486 995 0 1443436692
11486 1060 1 1439921119
11486 1068 0 1453135457
11486 1084 1 1438631424
11486 1303 1 1450269091
11486 1374 1 1445956221
11486 1526 1 1440004913
11486 2137 0 1439807170
11486 2272 1 1446832830
11486 2439 1 1446901662
11486 2659 1 1439807173
11486 2877 1 1446471115
11486 3189 1 1446297243
11486 3464 0 1440258633
11486 3847 1 1448285376
11486 3921 0 1440075420
11486 4433 1 1454436184
11486 4434 1 1445868706
11486 4593 0 1442249333
11486 4999 1 1453112378
11486 5007 1 1441537738
11486 5608 1 1454321683
11486 5663 1 1450215582
11486 6122 0 1439728017
11486 6463 1 1445948897
11486 6556 1 1440326716
11486 8107 1 1454664497
11486 8222 1 1442219394
11486 8439 1 1445156662
11486 8445 1 1449334123
11486 8788 1 1441787802
11486 9374 1 1443543576
11486 9566 1 1451816429
11486 10337 1 1446458972
11486 12119 1 1444752945
11486 12375 1 1451816764
11486 13902 1 1454433377
11486 13913 1 1446833359
11486 14498 1 1452085457
11486 15419 1 1445874052
11486 15635 1 1441528494
11486 16172 1 1453640855
11486 16173 1 1452461682
11486 16174 1 1439281785
14988 762 1 1446586964
14988 18219 1 1444954370
923 13 1 1451777264
923 481 1 1442701047
923 952 0 1451412939
923 1076 1 1446236644
923 1092 1 1442526502
923 1425 1 1451421259
923 2012 0 1451418725
923 2395 1 1451002307
923 2396 1 1451006172
923 3308 1 1454610359
923 3309 0 1451413047
923 3310 1 1451006117
923 3311 1 1450999782
923 3312 1 1450917931
923 3313 1 1446222453
923 3314 0 1446214898
11482 3757 1 1444528138
11545 1440 1 1457801644
6963 4878 0 1448555322
1934 6 1 1451495987
1934 281 1 1448152678
1934 465 1 1441421880
1934 591 0 1447444844
1934 1272 1 1458517927
1934 1425 1 1448152680
1934 5915 0 1455742970
1934 5916 0 1446476569
1934 5917 1 1440969910
18306 381 1 1444386553
18306 774 1 1444262819
18306 1216 0 1444386548
18306 4535 1 1444386565
11897 96 1 1440130032
14937 3874 1 1445047504
14937 14361 1 1445047476
15977 12664 1 1451441753
14355 3847 0 1447359249
3448 3303 0 1451762451
3448 4296 1 1451762456
3448 8310 0 1451750742
3448 8379 1 1451750742
16319 283 1 1453248952
16319 619 1 1454968107
16319 852 1 1453252090
16319 2846 1 1453835412
16319 6745 0 1453340119
16319 18956 1 1454968070
11678 710 0 1438970415
20319 6 0 1459021231
18455 3 1 1447565736
18455 10 1 1447566186
8415 2103 1 1448225605
12274 1147 0 1445958612
12274 5881 0 1448422083
12274 8306 1 1438795511
10002 10056 0 1454340325
11109 9 1 1455974747
11109 179 1 1455975005
11109 342 0 1455974965
11109 343 0 1455975180
11109 411 1 1455974987
11109 447 1 1455974863
11109 449 0 1455974845
11109 480 1 1455974896
11109 534 1 1455974838
11109 566 1 1455975261
11109 576 1 1455974904
11109 584 0 1455975231
11109 621 1 1455975170
11109 956 1 1455974439
11109 958 1 1455974681
11109 990 1 1455974532
11109 1254 1 1456830648
11109 1272 1 1455975162
11109 1425 1 1455974806
11109 1452 1 1455974714
11109 1456 1 1455975241
11109 1459 0 1455974978
11109 1624 1 1455975133
11109 1634 1 1455975117
11109 1642 1 1455974709
11109 1648 1 1455974858
11109 1748 1 1455974116
11109 1749 1 1455974118
11109 1770 1 1455975021
11109 1892 1 1455974224
11109 1965 1 1455975185
11109 2102 1 1455974998
11109 2177 1 1455975250
11109 2178 1 1455975245
11109 2372 0 1455974970
11109 2500 1 1455980938
11109 2870 1 1455975141
11109 2871 1 1455975012
11109 2892 0 1455974112
11109 2919 1 1455974623
11109 3192 1 1455974814
11109 3540 1 1455980942
11109 3541 1 1455980927
11109 3544 1 1455980900
11109 3545 1 1455975008
11109 3955 1 1455975028
11109 3991 1 1455980975
11109 4046 0 1455975097
11109 4107 0 1455975047
11109 4286 1 1455981323
11109 4361 0 1455975038
11109 4406 1 1456631379
11109 4552 0 1455975136
11109 4673 1 1455975176
11109 5289 1 1455974835
11109 5537 1 1455975096
11109 5685 1 1455975234
11109 5738 1 1455975127
11109 5909 1 1455974240
11109 6125 1 1456571423
11109 6241 0 1455975113
11109 6645 1 1455974233
11109 6728 0 1455974247
11109 7042 1 1455975032
11109 7333 0 1455974431
11109 8781 1 1455974213
11109 8878 1 1455975045
11109 8962 1 1455975151
11109 9051 0 1455973978
11109 9102 1 1455974522
11109 9222 1 1455974912
11109 9227 1 1455975105
11109 9921 1 1455974427
11109 9969 0 1455974824
11109 9977 1 1455974420
11109 10279 1 1455980894
11109 10452 1 1455974445
11109 10551 1 1455975018
11109 10879 1 1455974925
11109 11533 1 1455975259
11109 11570 1 1455974449
11109 11604 1 1455974628
11109 11818 1 1455974706
11109 11822 1 1455974454
11109 12552 1 1455974207
11109 13297 0 1455974254
11109 13306 1 1455975236
11109 13308 1 1455974854
11109 13321 1 1456564883
11109 14079 1 1455974528
11109 14752 1 1455974701
11109 14945 0 1455974127
11109 15325 1 1455975108
11109 15909 0 1456940220
11109 15910 1 1456631364
11109 15911 1 1455980931
11109 15912 0 1455975120
11109 15913 1 1455974867
11109 15914 1 1455974695
11109 15915 0 1455974483
19525 95 1 1457287252
19525 1346 1 1457057789
19525 1425 1 1457284328
19525 6490 0 1457210318
19525 11213 0 1457214841
19525 12168 1 1457209018
19525 20207 1 1457210889
19525 20539 1 1457209707
19741 19453 1 1445797765
11265 278 1 1453034976
779 92 1 1441895153
779 115 1 1441928125
779 128 1 1441808245
779 142 1 1441808594
779 163 1 1440635117
779 2830 0 1453677436
779 2831 1 1441589010
779 2832 1 1440635168
4692 275 1 1437301913
4692 610 0 1458994454
4692 1537 1 1458711768
10050 1982 1 1445558320
10050 5884 0 1445558310
9433 85 1 1442304261
8648 899 1 1447925843
3589 2933 1 1442240431
14253 20 1 1452570867
14253 175 1 1450666076
14552 6111 1 1438317343
14552 6654 1 1438316977
11977 85 1 1444316133
11977 633 1 1452637866
11977 1181 1 1452544000
11977 3726 1 1446394413
11977 4275 0 1452543947
11977 16411 1 1449499140
19640 14028 0 1446328461
12366 3 1 1457068541
12366 10 1 1457068524
12366 20 1 1457069805
12366 1111 0 1457068558
18678 9328 1 1452652731
6830 329 1 1456922146
13596 342 1 1447816082
13596 1167 1 1455921704
13596 1272 1 1447816078
13596 2102 1 1447816075
13596 2372 1 1447816072
5203 5789 1 1453569937
535 28 1 1451914967
535 2138 1 1455358807
18722 1273 1 1457794173
18722 9724 1 1450643964
9903 454 1 1449418584
9903 2248 1 1451744195
9903 2871 1 1450489689
9903 3396 1 1453607726
127 534 1 1453143496
2727 6217 0 1456113191
2092 120 1 1449431980
2092 122 0 1449431979
2092 151 1 1446904905
2092 348 0 1450964208
2092 728 1 1449431974
2092 1840 1 1449431981
2092 2635 1 1452612683
2092 3032 0 1455413859
2092 3804 1 1457623547
2092 6201 1 1454381684
2092 6202 0 1453944097
2092 6203 0 1453072623
2092 6204 1 1450964197
10420 3 1 1443576210
10420 12 1 1443576439
10420 6986 1 1443576197
10420 15326 1 1458123486
10420 15327 1 1456973036
16483 10 0 1452397220
16483 1203 1 1449339787
12233 1447 1 1437888284
12233 4826 0 1455563008
13621 45 0 1453394292
13621 2166 1 1447876520
13621 8486 1 1455009635
13621 10550 1 1441039067
13621 17371 1 1455189559
5308 262 1 1454780412
16392 12 1 1449858205
1841 308 0 1438409171
1841 2049 1 1451772532
1841 3731 1 1453284067
1841 5766 1 1452053877
18701 1879 0 1441572620
9420 68 1 1448705841
9420 1185 1 1456314583
9420 3519 1 1455395165
9420 10527 1 1458579024
16704 1798 0 1454437700
16704 1804 1 1454437679
16704 1810 1 1454437650
110 40 1 1456894778
110 416 0 1457765058
15138 10034 1 1445017570
10415 2893 1 1447274255
10415 7397 1 1445452625
11039 13964 1 1459254655
19664 251 1 1443311858
19664 2437 0 1453868327
19664 7412 0 1450207750
8643 7592 1 1452816803
8643 11582 1 1452215080
18655 19004 1 1446872665
19060 1474 1 1441566138
19060 2763 1 1444483815
19060 4673 1 1444483909
19060 4678 1 1441558838
19060 4746 1 1441567885
19060 6748 0 1444483973
19060 10594 1 1444483701
19060 15312 1 1448745536
19060 16373 0 1444483960
19060 16374 1 1444483892
19060 16375 1 1444483929
19060 16376 1 1444483969
19060 16377 1 1444483925
9661 95 0 1456461299
11670 202 0 1448686582
11670 1285 1 1456367188
11670 6011 1 1447996039
11670 6494 1 1447634146
15143 16 1 1443906999
15143 37 0 1451348423
15143 40 0 1451348554
15143 164 1 1451348231
15143 589 1 1441479338
15143 631 1 1451348232
15143 822 1 1446271699
15143 1071 0 1446271698
15143 1944 1 1451348239
15143 2012 1 1451348634
15143 2503 1 1451348248
15143 3464 1 1453248107
15143 3522 1 1451348254
15143 4350 1 1451348252
15143 9745 0 1446271731
15143 11563 1 1451348242
15143 18390 0 1451348260
15143 18391 1 1451348260
16406 3 0 1456473808
16406 7177 1 1453424940
3312 12 1 1449007850
3312 477 0 1456678149
5322 481 1 1440765427
5322 851 1 1440765816
5322 852 1 1442529702
2948 221 0 1443364839
2948 6194 1 1443742461
13870 12 0 1456010256
13870 20 0 1456009255
13870 202 0 1456010167
13870 589 0 1456009326
13870 4574 1 1456010122
16890 21 1 1456846007
16890 979 1 1448998335
18066 411 1 1446701356
18066 1965 1 1446701333
13604 9 1 1440552871
13604 1408 1 1440552941
13604 10273 1 1440552957
17439 10 1 1456538232
17439 6217 0 1457720564
3751 76 0 1446574637
3751 179 0 1447992493
3751 472 0 1455137752
3751 897 1 1446748598
3751 1152 1 1449602021
3751 1505 1 1449603356
3751 2102 1 1452547948
3751 2372 0 1447992535
3751 4906 1 1457475476
3751 7735 0 1450302181
5793 13 1 1450476948
5793 87 1 1458518522
5793 141 1 1450311283
5793 161 1 1450228263
5793 1548 1 1458511788
5793 11119 1 1450228404
5793 11120 1 1450228392
5793 11121 1 1450228361
440 13 1 1457797012
440 169 1 1450286574
440 342 1 1447052422
440 559 0 1456059629
440 603 0 1447052433
440 1860 0 1441901112
440 1861 0 1437371825
15592 965 0 1442094271
19522 469 0 1437370613
19522 488 1 1439532457
19522 956 1 1437370798
16725 6 1 1443675457
16725 342 0 1453874055
16725 2372 1 1456101048
16725 7006 1 1457304211
16725 11821 1 1456100658
18818 175 1 1455708474
18818 20164 1 1456581234
7595 59 0 1443489886
7595 76 1 1442800729
7595 1657 1 1445823672
7595 1965 0 1455812501
7595 7082 1 1445823763
7595 12952 1 1446582957
9706 31 1 1451843283
9706 1462 1 1451869428
9706 2110 1 1451844919
9706 2248 1 1451875110
9706 5469 1 1451843422
9706 5831 1 1451869630
9706 9822 1 1451847352
9706 10498 1 1451843412
9706 13531 1 1451846448
5377 3084 1 1459037011
5377 3952 1 1459040342
11091 2269 1 1458273946
6591 11171 1 1438311335
19331 12 1 1446041462
19331 199 1 1455395178
19203 16253 0 1446392737
3652 1092 0 1455142829
3652 7956 1 1445711339
3652 8620 1 1456438707
3652 8621 0 1455468784
3652 8622 1 1451402128
3918 16 0 1457804874
848 3125 1 1449514602
16012 3 1 1444014444
16012 10 1 1444015261
16012 12 1 1448912502
16012 15 1 1446057372
16012 36 1 1444013534
16012 201 0 1443740798
16012 852 1 1448932033
16012 3462 1 1443741066
16012 7083 1 1443741085
16012 9749 1 1442884812
16012 12538 0 1458354505
16012 18840 0 1442884797
19156 2755 0 1440450692
19156 11250 1 1440451194
19156 20397 0 1438978612
19156 20398 1 1438951822
18370 19871 1 1451549767
20442 87 1 1447631041
20442 129 1 1449532251
14089 17717 0 1451524507
5228 45 1 1448721731
11253 15984 1 1446244554
20573 20 0 1443298246
11432 20 1 1452094100
936 380 0 1453482982
936 2126 1 1453482981
936 3355 0 1453482985
12324 1270 1 1440176802
2324 3 0 1447991449
2324 10 1 1447991695
11862 16338 1 1444540872
11862 16339 1 1444252178
11862 16340 0 1442637785
18898 271 1 1457861560
18898 1973 1 1453062353
18898 3173 1 1440870483
17881 474 1 1457488406
17881 633 1 1453484197
17881 1275 1 1441225226
17881 13025 1 1445391103
635 15 1 1444959828
635 1879 0 1452906428
6887 73 1 1440776719
6887 161 1 1449594952
6887 175 1 1446637693
6887 1059 1 1446637742
6887 1364 1 1449595014
6887 5214 1 1442614953
6887 5992 1 1440776675
6887 9528 0 1444412451
138 12 0 1454648070
138 20 1 1454647824
138 21 1 1454647936
138 28 0 1454647847
138 51 0 1454648078
138 105 1 1454647871
138 343 1 1449485408
138 477 1 1445327969
138 588 1 1457053316
138 589 0 1454647938
138 590 1 1449494061
138 591 1 1445327979
138 592 1 1437804709
9282 2110 0 1441910258
9282 5147 1 1446943505
9282 8856 0 1447517107
9282 14372 0 1442142996
12624 589 1 1447534957
18146 822 1 1446915070
19943 262 1 1442593238
2827 37 1 1448834963
2827 7456 1 1452550644
2827 7457 1 1450479831
10455 774 1 1439728725
4352 28 1 1452196061
4352 2079 1 1455469880
4352 6648 1 1442946034
9755 20 1 1446741072
9755 1359 1 1439656777
5388 391 1 1439184812
12364 39 0 1437506639
19781 129 1 1447282614
4219 9257 1 1459024687
4623 255 0 1439442996
20627 48 1 1440208369
20627 211 1 1448505025
20627 18616 1 1448762809
20079 12673 1 1439601254
20079 20839 1 1439601061
20079 20840 1 1437748990
987 9 1 1439348509
987 466 1 1451345686
987 621 1 1451345680
987 3502 1 1441257073
17464 5018 1 1440272745
19489 6204 1 1448378364
19489 16947 0 1448378340
18633 3 1 1452926385
18633 10153 0 1451392148
18633 13004 0 1441228579
18633 13007 1 1438592324
18633 20008 1 1451293453
18633 20009 1 1446221826
18633 20010 1 1445065229
18633 20011 1 1443172546
18633 20012 0 1441431075
18633 20013 0 1441364651
18633 20014 1 1441362532
18633 20015 1 1441227710
18633 20016 1 1441227533
18633 20017 1 1438592284
18633 20018 1 1438592207
18633 20019 1 1438592170
2086 9 1 1455330885
3859 168 1 1441959303
4039 9 0 1450503223
9943 6217 1 1454514698
15360 9 1 1436996353
15360 21 1 1459290306
15360 110 1 1459290207
15360 5518 1 1459290442
15360 8081 1 1457287543
15360 12065 1 1444670492
606 452 1 1441464324
606 2301 1 1441464496
606 2302 1 1439246222
12202 965 1 1443320435
19910 1425 0 1443246132
19910 12093 1 1441932468
19011 445 1 1451836252
732 230 1 1454282376
732 1349 0 1444768650
732 1392 1 1448929460
732 2748 0 1447792998
732 2749 1 1444841099
1928 36 1 1439413262
1928 174 1 1444801184
1928 379 1 1456622646
1928 454 1 1438028933
1928 469 1 1447997572
1928 559 1 1439907798
1928 5886 1 1438492043
1928 5887 1 1438492040
1928 5888 1 1438492034
15426 2687 1 1449063235
15426 3320 1 1452109900
15426 4991 1 1455860631
15426 5132 0 1448985951
15426 18560 1 1454779141
10941 3 0 1452174086
10941 10 1 1437473470
7350 1730 0 1457383173
7350 7398 1 1456512612
7141 14 1 1443131763
7141 36 1 1439320197
7141 45 1 1450498123
7141 128 0 1457456825
7141 175 1 1453206640
7141 377 1 1456869029
7141 398 1 1444621813
7141 554 0 1450744026
7141 634 1 1438654228
7141 640 1 1449787425
7141 2131 0 1451489996
7141 2248 1 1458947770
7141 3422 1 1447812446
7141 10366 1 1449286831
7141 12609 1 1451334724
7141 12610 1 1449621006
11641 542 1 1446566003
14959 2053 1 1447628620
14959 8169 1 1451320767
1823 3 1 1444949370
2053 589 0 1458835917
2053 3847 1 1458835551
12016 10607 1 1444750982
12644 8663 1 1457693954
12644 12058 1 1449644229
1678 169 1 1459084016
1678 175 1 1451792868
1678 328 1 1447064474
1678 391 1 1457271520
1678 5457 0 1457560023
1678 5458 1 1456161715
1678 5459 1 1448622205
1678 5460 1 1448622122
17200 1460 0 1443287496
18817 45 1 1455406292
18817 6748 1 1454280586
11513 129 0 1448043839
11513 979 1 1442062990
11513 16203 1 1437499900
1980 2829 1 1452768552
4659 343 1 1448988710
4659 614 0 1445514545
4659 740 1 1445514543
4659 2502 1 1445514546
10862 169 1 1456364511
10862 1724 0 1454176043
864 69 1 1438818886
3078 1168 1 1442260177
15617 2 1 1446127119
15617 20 1 1452069866
15617 50 1 1441186123
15617 51 1 1457089295
15617 82 1 1443690866
15617 1318 1 1441401907
15617 8553 1 1453367426
15617 16667 0 1447609528
15617 17719 1 1456392019
15617 18628 1 1449691406
10741 3242 1 1452103115
17819 169 1 1440640707
17819 1530 1 1451964128
4341 20 1 1440785203
9502 8544 1 1441133655
16655 3 1 1451981858
455 10 1 1442432524
455 16 1 1437988278
455 105 1 1442432351
455 110 1 1442432641
7366 12820 1 1453601115
12304 2049 1 1440302995
12304 8962 0 1448158247
12898 128 1 1454334019
12898 145 1 1454342067
12898 6645 1 1454346420
14892 342 1 1439926557
14892 474 1 1440012486
14892 1497 1 1440011243
14892 2326 1 1439926540
14892 3090 1 1440019958
14892 7578 1 1439926578
14892 9492 1 1439930108
1610 65 0 1441479854
4569 129 0 1441681311
4569 221 1 1452471278
4569 1440 0 1446422358
4569 4950 1 1443524564
4569 5308 0 1451710424
17131 2140 1 1443373170
17131 4965 0 1443364424
17131 6126 1 1443364578
7324 273 1 1451493656
17868 1185 1 1452075197
17868 2565 0 1449840999
17868 8827 0 1441968825
2296 5973 1 1437731237
2296 6172 1 1437731381
2296 6572 1 1437980361
2296 6573 1 1437731420
2296 6574 1 1437731364
2296 6575 1 1437731268
2296 6576 1 1437729753
5237 271 1 1447103811
5237 4715 1 1453560449
5237 7204 1 1447103807
10786 15670 1 1445152222
19378 785 1 1450884347
19378 1979 1 1450884305
2116 145 1 1451146456
2116 806 0 1451144787
12995 10 1 1441828785
12995 11 1 1443074391
12995 13 1 1440605528
12995 15 0 1440604817
12995 16 1 1441823687
12995 28 1 1441823624
12995 38 1 1441829809
12995 39 1 1441827744
12995 50 0 1441829327
12995 51 0 1440526760
12995 52 1 1457530326
12995 65 0 1456490631
12995 67 0 1441830896
12995 68 1 1441901708
12995 69 1 1443073013
12995 72 0 1440605378
12995 142 1 1443072954
12995 143 1 1441830593
12995 157 0 1443073026
12995 164 1 1457176535
12995 169 1 1457176523
12995 173 1 1442086383
12995 190 1 1440605371
12995 321 1 1443073036
12995 322 1 1440526688
12995 368 1 1440393424
12995 382 1 1459069000
12995 450 1 1440605373
12995 452 1 1442086371
12995 478 0 1441830702
12995 491 1 1440605349
12995 554 1 1459068907
12995 589 0 1440526657
12995 591 1 1441831389
12995 609 1 1440605208
12995 631 1 1442086308
12995 632 1 1457176619
12995 655 1 1456490226
12995 805 1 1443071448
12995 806 1 1459069031
12995 812 1 1444681432
12995 813 1 1444681408
12995 814 1 1440526755
12995 815 1 1440524136
12995 822 1 1443072836
12995 852 1 1441829909
12995 1079 1 1443073102
12995 1239 1 1456489312
12995 1360 1 1441902554
12995 1453 1 1440605237
12995 1866 1 1440606767
12995 2167 0 1442086437
12995 2191 1 1456256553
12995 2211 0 1441902547
12995 2244 1 1441902556
12995 2248 1 1441901450
12995 3370 1 1459069034
12995 3561 1 1443073107
12995 3829 1 1456670549
12995 3872 1 1459068908
12995 3914 0 1459068563
12995 5476 1 1459068594
12995 5625 1 1456255813
12995 6083 1 1457530620
12995 6199 1 1440605210
12995 6490 1 1443073112
12995 6820 1 1456255818
12995 6891 0 1442086401
12995 7617 0 1456670702
12995 9563 1 1459068912
12995 10857 1 1456256206
12995 14232 1 1441829227
20155 20 1 1451874278
17012 11946 1 1437438508
5646 76 1 1448021247
5646 201 0 1448021308
5646 250 1 1447620264
5646 331 1 1449100577
5646 337 1 1448970756
5646 342 1 1448024157
5646 411 0 1447620520
5646 472 1 1447136378
5646 488 1 1452884382
5646 564 1 1451565229
5646 1381 1 1439072582
5646 1634 1 1453060216
5646 2131 1 1444460762
5646 2252 0 1446112620
5646 2268 1 1441453885
5646 2372 1 1448024120
5646 2961 1 1439316537
5646 3088 0 1448021374
5646 4673 1 1447620456
5646 4820 0 1450916985
5646 5146 1 1445008253
5646 9565 1 1449144422
5646 9736 1 1447620272
5646 10920 0 1449100590
5646 10934 1 1456665567
5646 10935 0 1454978449
5646 10936 1 1452265077
5646 10937 1 1447116750
5646 10938 1 1441070460
5646 10939 1 1439148288
11491 390 1 1455226219
11491 797 1 1455227458
11491 2360 1 1455226546
11491 7605 1 1455227573
11491 11418 1 1455227466
11491 16178 1 1455227569
14265 710 1 1444932917
9196 14050 0 1457025424
18809 15 1 1443061677
10770 2145 0 1453601718
10770 3545 1 1453602268
10770 4052 1 1453602286
10770 4477 1 1453602299
19038 2043 1 1448359420
19038 3740 1 1438895516
1569 45 1 1438198455
1569 87 1 1438116838
1569 178 1 1438116841
1569 342 1 1443480621
1569 463 1 1457304184
1569 475 1 1442884439
1569 1253 1 1457273086
1569 2326 1 1443480665
17728 2315 1 1451754980
17728 12199 0 1450163435
17728 18859 1 1450163542
5690 465 0 1443930045
5690 10983 1 1441546923
15529 141 0 1453080223
6236 38 1 1439231207
6236 367 0 1439231319
6236 368 1 1439231265
6236 372 1 1439231253
6236 478 1 1441641289
6236 591 0 1441556457
6236 754 1 1439231321
6236 1008 1 1439231444
6236 1064 1 1442930227
6236 5218 1 1439231445
15725 343 1 1449543003
6867 1139 1 1445421760
11226 129 1 1447739257
15777 6574 1 1453500556
15777 15146 1 1453502208
15777 18732 1 1455109994
4169 9229 1 1444785734
5206 45 0 1438055776
6944 380 1 1437425238
6944 1344 1 1437425287
11656 2163 1 1443265601
11656 15023 1 1443265662
11656 16252 0 1443265777
20185 5309 0 1453650965
20185 20870 0 1441252043
4174 12 1 1449978630
1542 3 0 1439307905
1542 20 1 1439307889
18914 931 1 1452337986
5418 128 1 1452032101
19615 343 1 1454524259
16728 342 1 1451800082
16728 411 1 1451800087
16728 621 1 1451800074
16728 2102 1 1451800091
9670 12 1 1446421196
14656 95 1 1444435415
4468 213 1 1438861176
2840 129 1 1448252592
20023 3131 1 1441315188
20023 3546 0 1441315783
20023 6645 1 1450024826
20023 7397 1 1441315100
20023 11424 0 1441316085
20023 13322 1 1446677451
20023 14004 1 1441315751
20023 16800 1 1450024800
20023 18241 1 1444256629
20023 20805 1 1443476844
9939 3159 1 1452147821
9939 14881 1 1452062300
17866 72 1 1451997026
17866 153 1 1451997240
17866 3518 1 1451997299
7909 129 0 1441776306
7909 1998 1 1439533204
7909 2288 1 1439533201
7909 3497 1 1439533205
7909 3498 1 1439533202
7909 3759 1 1456212966
7909 7958 0 1438612788
7909 9369 1 1450503955
7909 12044 1 1456213003
7909 12816 1 1456212984
7909 13124 1 1444812247
4078 13 1 1453309750
4078 851 1 1451162589
4078 1756 1 1447614208
4078 2248 1 1447614095
4078 9107 1 1451162686
14281 1622 1 1447898495
14281 8247 0 1450832066
14281 9726 1 1442343693
14281 15534 0 1452931858
14281 16163 0 1450833706
14281 17813 0 1447898277
16814 274 1 1453487892
16814 610 1 1450960361
16814 1067 1 1439638058
16814 3104 1 1452969328
16814 3579 1 1452914466
16814 4367 1 1452914526
16814 4394 1 1454559407
16814 4614 0 1452923907
16814 5620 0 1453236589
16814 6656 1 1444263220
16814 8214 1 1454559459
16814 8275 1 1452976842
16814 8481 1 1452923960
16814 9403 1 1458609808
16814 15134 1 1452924226
16814 18095 1 1452924276
16814 19159 1 1452924404
16814 19160 1 1452915524
9620 8588 1 1440442088
8507 12 1 1440413491
8507 51 1 1452516668
8507 105 1 1452437862
8507 262 0 1457780229
8507 336 1 1458833156
8507 424 1 1457873990
8507 545 0 1457874227
8507 546 1 1457874274
8507 583 1 1458660920
8507 1410 1 1456411792
8507 2265 1 1437392363
8507 2442 1 1459254102
8507 3182 0 1458573897
8507 3502 1 1452360909
8507 3506 1 1440283494
8507 4157 0 1437384567
8507 12275 1 1457876387
8507 12846 1 1440938575
522 179 1 1451169543
522 342 1 1451169537
522 2130 1 1451169549
8810 1364 1 1438697972
7722 175 1 1451879406
9159 230 0 1441189877
9159 591 1 1441189267
11494 689 1 1443573641
11494 690 1 1443573636
11494 725 1 1443943931
11494 1022 1 1449403555
11494 1799 1 1443573633
11494 3018 1 1443573649
11494 3029 1 1443573639
11494 3399 1 1443319130
11494 3810 1 1443499880
11494 4832 1 1443573636
11494 4837 0 1443573636
11494 4878 1 1451963521
11494 5667 1 1443573644
11494 6764 1 1443573638
11494 14027 1 1443573645
11494 16182 1 1443417658
11950 129 1 1446869329
11950 343 1 1449029157
11950 1272 1 1446869359
4630 1311 1 1454949129
3051 7733 0 1451401404
4904 275 0 1456558681
4904 559 1 1456558510
4904 4793 1 1455397344
19201 129 1 1451683101
19201 342 1 1451683143
19201 7081 1 1449134191
19201 7082 1 1449134175
11538 454 0 1453903504
5454 21 1 1447020374
5454 105 1 1457157208
5454 1344 1 1449123913
12695 10330 1 1441133011
18769 3 1 1457483649
18769 10 1 1457483672
18769 59 1 1452266595
18769 391 1 1456626431
18769 481 1 1452266401
18769 1708 0 1454871136
18769 2796 1 1459179137
18769 4088 1 1455025741
18769 4168 1 1454815397
18769 4524 1 1454815274
18769 4525 1 1454815230
18769 5988 1 1453142391
18769 6021 1 1453142374
18769 6118 1 1454870973
18769 7812 1 1453142379
18769 8737 0 1454950670
18769 8827 0 1457485230
18769 9877 1 1456626805
18769 10011 1 1457485334
18769 10098 1 1453143607
18769 11056 1 1454871221
18769 20140 1 1453142484
19511 12 0 1442106129
4603 9614 1 1439932460
3160 47 0 1442121008
3160 488 1 1442120980
3160 620 1 1442120995
3160 1004 1 1442120986
12621 776 1 1443932771
12621 8167 1 1443932941
12621 9062 0 1443932848
19269 141 1 1453384237
19269 664 1 1454056744
19269 702 1 1444228140
19269 961 1 1455195625
19269 1334 1 1443283989
19269 1549 1 1454425644
19269 1745 1 1455894090
19269 2519 0 1438365926
19269 2548 1 1453296207
19269 3490 0 1459178821
19269 3847 0 1438771146
19269 3988 1 1458745924
19269 4015 1 1444228132
19269 4153 1 1440719696
19269 4197 1 1457786294
19269 5218 1 1440720802
19269 5452 1 1455048629
19269 5541 1 1458745942
19269 5767 0 1455312118
19269 6088 0 1453285837
19269 6156 0 1443279785
19269 6490 0 1443279773
19269 7202 1 1453323912
19269 7473 1 1458688105
19269 8150 1 1443279763
19269 8914 1 1440721224
19269 9009 1 1454034086
19269 9107 1 1455047590
19269 9560 1 1454034594
19269 12536 1 1455993041
19269 13915 1 1439850751
19269 14453 0 1453450444
19269 14464 1 1457171823
19269 15415 0 1439209447
19269 18770 0 1454875095
19269 20446 1 1456565311
19269 20447 1 1456565309
19269 20448 1 1440371413
13725 3355 1 1453073243
13725 3509 0 1453073012
13725 5150 0 1453073022
13725 6150 0 1453073062
13725 6361 0 1453073018
17692 10 1 1441550632
17692 20 1 1442849915
17692 67 0 1449878838
17692 73 1 1445565392
17692 90 0 1442850084
17692 553 1 1441545416
17692 636 1 1446265790
17692 841 1 1458524992
17692 874 1 1455844393
17692 1003 1 1444778899
17692 3181 1 1442849785
17692 3462 1 1452652290
17692 3951 1 1441545453
17692 6638 1 1442850109
17692 7212 1 1441546180
17692 7562 1 1441529827
17692 8357 1 1451361687
17692 9375 1 1450931125
17692 11382 1 1451744090
17692 13754 1 1445562263
17692 18006 1 1452166697
17692 19584 1 1441071591
11759 16 1 1445922428
10849 11209 0 1446510627
11425 8850 1 1446102251
11425 16136 0 1446102225
13752 15 1 1454450215
13752 45 1 1454450810
13752 6705 1 1454450855
15032 8645 1 1452450737
2390 45 1 1447488036
2390 843 1 1447719251
2390 3630 1 1440295256
13125 1810 1 1441189722
18209 9257 1 1442878949
18209 14557 1 1438436998
18209 19345 1 1438436899
11463 12 0 1458747406
11463 20 0 1458747294
11463 28 0 1458747421
9651 2169 0 1446659139
9651 3061 1 1451729773
9651 5494 1 1451899105
9651 11001 1 1451810017
17415 3520 1 1450704144
13248 12 1 1455754441
10724 82 1 1459201355
10724 295 1 1438119441
10724 354 1 1438119443
10724 356 1 1444130382
10724 454 1 1459117041
10724 508 1 1455541096
10724 3464 1 1445776953
19012 759 1 1451575154
19012 2303 1 1446771795
19012 6194 1 1446475524
19012 14673 1 1453048331
19012 18423 1 1437760530
5590 621 1 1453010882
7852 10 1 1444016234
889 1287 1 1446690596
889 3236 1 1446477744
889 3237 1 1441667881
3466 75 1 1450963669
3466 816 1 1450963812
7024 1003 1 1457741324
7024 12560 1 1441042660
7633 1879 1 1447859646
12345 5821 0 1458313466
2334 5098 1 1439826102
19424 9 1 1437968720
19424 28 0 1450082106
19424 105 0 1450082111
19424 2372 1 1455877155
19424 5636 1 1438050919
7856 1067 0 1453659531
17488 2054 1 1457147485
11508 2893 0 1437142237
11508 5997 1 1456063000
11508 15261 0 1447250609
11508 16197 1 1437142272
10274 1419 0 1437980706
13327 3451 0 1444786473
3398 485 0 1444854934
3398 1784 1 1444854282
3398 7167 1 1447106713
3398 8328 1 1444855174
3398 8329 1 1444854738
11472 534 1 1442160058
11472 1144 0 1440095613
11472 1958 1 1437422127
11472 2192 1 1457276830
11472 2565 1 1456417098
11472 2871 1 1438621663
11472 6217 1 1456417084
11472 16002 1 1441823364
11472 16164 1 1450705035
11472 16165 1 1441112189
16635 190 1 1457381849
16635 4535 1 1441494689
16635 5394 1 1444181053
16635 7718 0 1441499173
16635 7719 0 1441499315
6150 2158 1 1455640986
6150 5696 1 1455639821
6150 6753 1 1455640764
6150 8950 1 1446951281
6150 11409 1 1449113332
10959 2192 1 1446922248
10959 2619 1 1442968708
10959 3315 1 1443132435
1565 454 1 1448474932
1565 2102 1 1448475482
3513 12 0 1454215812
10999 175 1 1451844176
10999 225 1 1438799243
10999 8645 0 1452288732
13978 785 1 1455920886
13978 1879 1 1457222410
13978 1984 1 1455920899
4421 979 1 1456302334
9532 317 1 1437879211
9532 1157 1 1437879212
9532 3457 1 1437879221
9532 3458 1 1437879218
9532 3459 1 1437879215
9532 3638 1 1437879564
9532 4072 1 1437879567
9532 4078 1 1437879222
9532 4793 1 1437879213
9532 5265 1 1437879214
9532 7355 1 1437879574
9532 8694 0 1437879226
9532 8849 1 1437879576
9532 8854 0 1437879220
9532 14582 1 1437879600
9532 14583 0 1437879599
9532 14584 0 1437879595
9532 14585 1 1437879594
9532 14586 1 1437879592
9532 14587 0 1437879587
9532 14588 1 1437879586
9532 14589 1 1437879569
1212 12 0 1442502077
12146 190 1 1452741905
12146 450 1 1452741920
12146 674 1 1452739189
12146 748 0 1452798497
12146 944 1 1452800441
12146 1071 1 1452800434
12146 1182 1 1452745827
12146 1408 1 1452798505
12146 2202 1 1452800438
12146 3520 1 1452745818
12146 3629 1 1452800426
12146 4212 1 1452798492
12146 5169 1 1452800407
12146 5424 1 1452800420
12146 6162 1 1452800416
11399 1120 0 1444845863
11914 9095 1 1458531603
6305 15 1 1443048827
3806 12 1 1450016438
3806 50 0 1451372832
3806 262 1 1444577870
3806 1287 1 1454437816
3806 8780 1 1448886114
19003 4 1 1437166042
19003 445 1 1440875573
19003 2267 1 1438617979
19003 3150 0 1457009198
19003 3151 1 1450969706
19003 3759 1 1441968051
19003 3987 1 1437169224
19003 5330 1 1437169227
19003 7494 1 1437166346
19003 7629 1 1450969877
19003 8343 1 1441967762
19003 8597 1 1445965616
19003 9327 1 1443693277
19003 9369 1 1445964761
19003 9686 1 1454097728
19003 10656 0 1456107394
19003 11103 0 1456343345
19003 12043 1 1458645745
19003 12044 1 1456108254
19003 12045 1 1453204588
19003 12046 1 1449059057
19003 12047 1 1444139280
19003 12048 1 1443391320
19003 15246 1 1447584594
19003 17451 1 1456343331
19003 17588 1 1440876488
19003 17596 1 1437166697
11433 273 0 1458175889
11863 9767 1 1437628982
2141 76 1 1452953390
2141 286 1 1452734328
2141 432 1 1454498291
2141 874 1 1453806330
2141 1518 1 1452952591
2141 2252 0 1446583271
2141 2281 1 1453288731
2141 4031 1 1454939242
5122 76 1 1449022704
5122 1634 1 1449022724
5162 10393 1 1438030094
16812 3 1 1452621914
19700 15 1 1447500341
19700 7448 1 1438880118
19757 16 1 1447306015
19757 259 1 1458539344
19757 262 1 1458539334
14907 8597 0 1452189851
8672 2145 1 1457407399
8672 8401 1 1452359013
11046 9 0 1444651157
11046 178 1 1443704112
11046 542 1 1456498637
11046 15854 1 1441449692
3282 9 1 1437968070
3282 7958 1 1438055346
3282 8157 1 1438055726
3282 8158 1 1438055654
4614 45 1 1450328909
4614 1134 1 1450329176
4614 6055 1 1445051380
5939 32 0 1449562164
5939 178 1 1449296780
5939 621 1 1449221435
14339 474 0 1454246133
13665 6217 0 1455762552
2467 3590 1 1447269099
2467 5000 1 1447269128
2467 5699 0 1437580903
6001 3118 0 1446928059
10070 14988 1 1442573626
7487 74 1 1441645224
7487 6449 1 1447613419
7487 12894 1 1447603056
19306 1805 1 1442434594
19306 1807 1 1442414430
19306 2557 1 1441494678
19306 3081 1 1441491906
504 1265 1 1447980656
504 1459 1 1437340160
504 2076 1 1451530873
504 2077 1 1441910696
504 2078 0 1441048944
504 2079 1 1437515517
1942 5922 1 1458119410
17858 1067 1 1455564189
5093 3 0 1458515532
5093 128 1 1454966655
5093 264 1 1454567572
3695 286 0 1458836609
3695 343 1 1451802918
3695 617 1 1451802762
3695 785 0 1448208356
3695 1272 1 1451802980
3695 3908 1 1438354998
3695 6194 1 1448208866
7872 1063 1 1438014564
15720 6 0 1457848016
15720 472 0 1454637468
15720 474 1 1454637509
15720 621 0 1455761032
15720 1272 1 1450877364
15720 2415 1 1439642258
15720 2462 1 1438181191
15720 7629 1 1438261941
15720 7735 1 1450123272
15720 9691 1 1438261939
19137 3764 0 1440791819
19137 20312 0 1438700722
18770 10 1 1452313251
17564 278 1 1455089933
8983 21 1 1457880894
8983 454 1 1453105566
8983 469 1 1453105568
8983 504 1 1453105587
8983 1976 1 1453294362
8983 2057 0 1453114744
8983 2058 0 1452172267
8983 5309 0 1451255556
7280 6754 0 1452880315
7280 12769 1 1446238514
3054 172 1 1451667871
3054 7735 1 1451667890
6467 164 1 1448527437
6467 169 1 1448527435
6467 242 1 1436949940
6467 243 1 1436949946
6467 995 0 1436949937
6467 996 1 1436949934
6467 1076 1 1448527440
6467 2611 1 1436949945
3497 478 1 1441709520
3497 8415 0 1454364402
3497 8416 1 1451923450
12456 1092 0 1448626771
5668 852 1 1457446386
5668 1270 1 1457705367
5668 10402 1 1457431685
6326 956 1 1441835204
6326 1955 1 1441834751
6326 1972 1 1441835140
6326 2102 1 1451785445
6326 2182 1 1458700277
6326 2252 1 1451785303
6326 3534 1 1451785367
6326 4052 0 1457581875
6326 6537 1 1441835072
14653 28 1 1437965455
10403 45 1 1457812838
19423 44 0 1445113954
19423 18373 1 1454624403
19423 20511 1 1451425668
19423 20512 1 1451425428
19423 20513 1 1448486112
17711 12 1 1438047059
20478 21025 1 1457259538
3372 342 1 1444781322
7138 110 1 1453688321
11996 2111 1 1455642426
13134 33 1 1458680624
13134 92 0 1455958936
13134 1317 0 1458280193
15323 15 1 1453318783
10300 2054 1 1444183378
12023 3 1 1450288149
12023 1360 1 1449329012
12023 3252 1 1457283987
12023 5489 1 1452778315
8918 15 1 1440418967
9066 20 1 1451253421
9066 28 1 1451253400
9066 3907 1 1447629612
9819 9 1 1456639107
9819 12 1 1456634999
9819 1879 1 1456636913
9819 3503 0 1456280995
17945 463 0 1459204323
17945 1014 1 1459210980
1943 110 1 1455254964
10880 9 0 1457404581
10880 589 1 1453332605
3875 7021 1 1437651916
4155 45 0 1449436424
4155 222 1 1440214507
4155 492 1 1440214941
4155 636 1 1454987536
4155 7145 1 1451143817
4155 9215 1 1454987550
4155 9216 0 1454952781
4155 9217 0 1442753936
4155 9218 1 1440214547
7895 1440 1 1459109017
13265 778 1 1447724206
2389 6740 1 1446046452
244 10 1 1438641686
20308 323 1 1455300037
20308 546 0 1451379021
20308 1270 1 1438104619
20308 1468 1 1438104613
3055 3152 1 1445434795
11908 1285 1 1457043360
16433 308 1 1455614359
16433 16142 0 1443538032
8978 1356 1 1450378800
8978 5875 1 1450378784
9780 284 1 1444869891
9780 1879 0 1444869786
13212 1270 1 1458962239
3296 6 1 1440615776
2288 434 1 1440452931
5854 65 1 1444855138
5854 478 1 1445939616
7573 835 1 1447198638
7573 843 1 1447198642
7573 3316 0 1448693291
7573 6234 1 1441153301
3214 12 1 1437953081
3214 296 0 1448946687
3214 2635 1 1453321968
7187 278 1 1451627341
2121 65 1 1444611700
2121 2248 1 1444613201
12852 2551 1 1451538199
883 286 1 1454808168
883 535 1 1451777871
883 785 1 1451777833
883 1213 0 1451778006
883 1985 0 1451778007
883 3224 1 1451778021
883 3225 0 1451778018
883 3226 1 1451778010
883 3227 0 1451778008
883 3228 1 1451778000
883 3229 1 1451777951
883 3230 1 1451777918
14329 12 1 1441060139
14329 179 1 1447885462
14329 621 1 1447885460
15656 243 1 1458213650
15656 991 1 1455056682
15656 1581 1 1453809147
15656 2102 1 1455056562
15656 2193 0 1451257608
15656 4578 1 1453676515
15656 4677 1 1451257726
15656 10270 0 1453673060
15656 10808 1 1454799419
15656 11773 1 1455803067
15656 13607 1 1457367908
15656 15929 1 1453804437
15656 18231 1 1451256537
15656 18524 1 1453819558
15656 18666 1 1457359647
15656 18667 1 1457343129
15656 18668 1 1456995322
15656 18669 1 1453808160
15656 18670 1 1453674197
16337 10 0 1450460439
16337 75 0 1450901913
16337 1006 1 1451151585
3588 262 1 1451418202
5575 3826 0 1440262784
5575 8383 1 1439320573
5575 10859 1 1440262753
5575 10860 1 1440262598
15413 2408 1 1446517713
15413 3433 1 1459282839
15413 5668 1 1446517233
15413 5671 1 1457876976
15413 5801 1 1446517609
15413 7023 1 1446517935
15413 11300 1 1455938484
15413 12011 1 1446517987
15413 12015 1 1455938452
15413 17471 0 1457891209
15413 18547 1 1459282743
6141 11399 1 1454859391
11025 288 0 1449978011
11025 573 1 1442971218
11025 1274 0 1439171606
11025 2233 0 1438145225
11025 2267 1 1439298574
11025 2300 1 1449289563
11025 3155 1 1438965843
11025 5360 1 1441771731
11025 5979 1 1439296087
11025 6931 0 1439008100
11025 8645 0 1452473584
11025 9089 1 1437022440
11025 9278 0 1442845889
11025 9395 1 1458489843
11025 9428 1 1455730481
11025 9430 1 1454220372
11025 10657 1 1449463606
11025 10876 1 1440130008
11025 10938 1 1439095944
11025 11092 0 1442290225
11025 11537 0 1458489438
11025 11762 1 1449636887
11025 12044 0 1458601915
11025 12750 1 1442892055
11025 12769 1 1443407165
11025 13139 1 1437021896
11025 15086 1 1443407157
11025 15630 1 1437972060
11025 15836 1 1455730272
11025 15837 1 1453078111
11025 15838 1 1449725661
11025 15839 1 1439296364
11025 15840 1 1439008302
11025 15841 0 1438145201
11025 15842 1 1437628136
7247 4549 0 1448411605
7247 5881 1 1448411031
12171 3521 1 1453029806
9860 14813 1 1458301449
8044 2007 1 1457209700
8044 3589 0 1457209909
8044 3735 1 1457209656
8044 3941 1 1457209232
8044 4553 1 1457209234
8044 7803 1 1457209344
8044 10724 0 1457209395
8044 13196 1 1457209367
8044 13197 1 1457209125
12034 6784 0 1446803246
5858 15 1 1449257506
5858 662 1 1448840354
5858 798 1 1449149396
5858 2611 1 1455755340
5858 8568 1 1444623360
5858 11182 1 1438100120
5858 11183 1 1437414427
13433 17280 1 1441235727
19037 12 1 1454679125
1594 12 1 1442201426
1594 179 1 1447875411
1594 343 1 1447875397
20586 2862 1 1458242595
3725 5652 1 1453505355
3725 8667 0 1453505461
18683 2044 0 1457692216
18683 2635 1 1453480281
18683 6200 1 1457712753
13696 16 1 1454292434
18426 178 1 1452537482
16972 105 1 1454904075
11480 2252 1 1455159775
2563 1572 0 1455304942
2563 6982 1 1454099176
16071 6268 1 1438559730
16071 6269 0 1438559711
16071 15123 1 1438559710
1180 508 1 1453761905
1180 3027 0 1451735158
1180 3032 1 1447157772
1180 3078 1 1453762758
1180 3081 1 1451735165
17980 12 1 1450633000
395 1447 1 1447772775
395 1482 1 1440292976
1647 5400 0 1454976489
19537 260 1 1452744278
19537 271 0 1450931498
19537 581 1 1453167451
19537 1717 1 1451885359
19537 1909 1 1452489071
19537 2252 0 1450996308
19537 2906 1 1453160054
19537 4284 1 1453160310
19537 8525 1 1443897868
19537 13290 1 1450996278
19537 20547 1 1450996303
19106 75 0 1446748898
1931 1272 1 1440971661
19792 20744 1 1448628553
19792 20745 1 1448381466
5976 11218 1 1450731738
13501 105 1 1450286491
10610 9428 1 1455805527
10610 12044 1 1458402400
18503 308 1 1451804989
18503 473 1 1458609811
18503 1186 1 1458609849
18503 1364 1 1458609829
18503 3520 1 1457236205
18503 5449 1 1458609882
18503 16436 0 1458183965
8663 372 1 1459035596
8663 1879 1 1442853273
8663 5021 1 1452491372
17230 17162 1 1443218244
17230 17531 1 1437248659
444 1872 1 1452830408
8506 6 1 1443084251
20266 11162 1 1457893056
17983 11995 1 1449850271
3231 110 1 1442014960
13412 535 0 1437423954
13412 553 1 1444537763
13412 785 1 1437424410
13412 787 1 1437423942
13412 5935 1 1437423337
13412 7168 1 1437423946
10753 12 1 1452397232
10753 655 1 1452399625
2872 15 1 1438240866
6855 847 1 1451905685
6855 1000 0 1447072588
6855 1160 1 1451906023
6855 1251 0 1451906016
6855 2913 0 1451906158
6855 3117 0 1447072388
6855 3359 1 1451906150
6855 3500 1 1451906076
6855 3632 1 1451906072
6855 5054 1 1451906008
6855 6247 1 1451906047
6855 7362 0 1447072447
6855 10500 1 1451905995
6855 12412 1 1451906000
3662 1273 1 1455680235
5813 45 0 1437558992
5813 785 1 1437642420
5813 843 1 1439736280
5813 993 0 1456936660
5813 1455 1 1457525622
5813 2687 1 1440959277
5813 2688 1 1447603787
5813 3174 1 1453728098
5813 3543 1 1439564938
5813 11152 1 1450631895
5021 332 1 1445028353
5021 1290 1 1441005865
5021 2735 1 1444902122
5021 10271 1 1441005935
9321 64 1 1439756119
13235 21 1 1437616615
13235 169 0 1437616634
13235 1270 1 1450582795
13235 2372 1 1447899839
14018 424 1 1457582667
14018 425 0 1457581794
14018 444 0 1444703903
14018 445 0 1442625603
14018 446 1 1438406130
14018 447 1 1437090188
14018 448 1 1437189072
14018 463 1 1455084732
14018 472 1 1445404375
14018 573 1 1442726869
14018 1006 1 1451428273
14018 1009 1 1453957244
14018 1013 1 1457989641
14018 1243 0 1437085184
14018 1460 1 1438576966
14018 2252 0 1439958730
14018 2300 0 1449210150
14018 2484 1 1453525120
14018 2753 1 1454597221
14018 2873 1 1437697014
14018 2957 1 1455730495
14018 3150 1 1458963136
14018 3151 0 1452224325
14018 3152 1 1446868225
14018 3154 0 1439771095
14018 3249 1 1453919021
14018 3987 1 1436977281
14018 4016 1 1459124254
14018 4017 1 1455935984
14018 4018 1 1455493266
14018 4019 1 1451003977
14018 4020 1 1451247285
14018 4021 1 1439708724
14018 4045 1 1452657642
14018 4481 0 1454389154
14018 4858 1 1442637025
14018 5175 0 1456420041
14018 5330 1 1437084243
14018 5360 1 1441246616
14018 5470 1 1452708124
14018 5979 1 1438062768
14018 6623 1 1444712840
14018 6645 1 1444106637
14018 6753 1 1456964894
14018 6754 1 1456035856
14018 6755 0 1446268726
14018 6819 0 1437455470
14018 6982 1 1455595696
14018 7629 1 1452054587
14018 7976 1 1457754096
14018 8233 1 1451536701
14018 8622 0 1445908662
14018 8645 1 1452232005
14018 8753 0 1456764922
14018 8781 0 1441652784
14018 9034 1 1453918784
14018 9202 1 1443195665
14018 9240 1 1441080290
14018 9278 1 1442633380
14018 9327 1 1445914984
14018 9349 0 1439616792
14018 9395 1 1458442810
14018 9427 1 1457147715
14018 9428 1 1455770352
14018 9431 1 1451971134
14018 9686 1 1454986528
14018 9687 1 1454480542
14018 9689 0 1439760623
14018 9709 1 1439619019
14018 9815 0 1444358183
14018 10039 0 1456805836
14018 10073 0 1446444393
14018 10080 0 1439618824
14018 10452 1 1456810424
14018 10656 0 1456810086
14018 10657 1 1449444880
14018 10826 1 1437803740
14018 10833 1 1457967212
14018 11092 0 1441855777
14018 11204 1 1458315433
14018 11415 1 1457906299
14018 11536 1 1440042310
14018 11537 1 1458441678
14018 11762 1 1449597351
14018 12044 0 1458514848
14018 12046 0 1454597198
14018 12047 1 1445059602
14018 12048 1 1445056837
14018 12305 1 1457989864
14018 12306 1 1457504682
14018 12307 0 1447293144
14018 12308 0 1442628081
14018 12725 0 1437801906
14018 12769 0 1443240002
14018 12806 1 1444103518
14018 12815 0 1447551604
14018 12816 1 1456886709
14018 12817 1 1451696134
14018 12818 1 1450981509
14018 12819 1 1450841717
14018 13124 0 1446068380
14018 13307 1 1446444137
14018 13309 1 1439617755
14018 13315 0 1444711992
14018 13384 0 1449553398
14018 13473 1 1449553588
14018 14017 1 1455595251
14018 14018 1 1446441343
14018 14278 1 1458358143
14018 14974 1 1438101423
14018 15086 1 1443239954
14018 15111 1 1457990011
14018 15112 1 1456886633
14018 15114 1 1445736660
14018 15246 0 1447821071
14018 15538 1 1446262988
14018 15630 1 1437292263
14018 15671 1 1457628674
14018 15836 1 1455770417
14018 15837 1 1452999809
14018 15838 1 1449597294
14018 15839 1 1437269430
14018 15840 1 1438369501
14018 15841 1 1437166169
14018 15842 1 1437530180
14018 15974 0 1438885138
14018 16253 1 1446440393
14018 16608 1 1451349843
14018 17272 1 1442631897
14018 17451 1 1457374460
14018 17569 0 1457986203
14018 17570 1 1457752247
14018 17571 0 1456898784
14018 17572 0 1456812408
14018 17573 1 1456637691
14018 17574 1 1454282034
14018 17575 1 1451597202
14018 17576 1 1450765180
14018 17577 0 1449637306
14018 17578 1 1449114835
14018 17579 1 1448055704
14018 17580 0 1446441658
14018 17581 0 1446127550
14018 17582 1 1445806878
14018 17583 1 1444706008
14018 17584 1 1443758942
14018 17585 1 1441568393
14018 17586 0 1441566598
14018 17587 0 1440548591
14018 17588 1 1440462822
14018 17589 1 1439617728
14018 17590 1 1439235236
14018 17591 1 1437715097
14018 17592 1 1437694371
14018 17593 1 1437090628
14018 17594 0 1436977008
14018 17595 0 1436976591
12797 129 1 1448669541
12797 179 1 1448669531
12797 391 1 1445481783
12797 449 1 1457989831
12797 1965 1 1448669530
14643 2903 1 1449034965
14643 6508 1 1449035065
16776 492 1 1456380976
16776 2055 0 1452653853
16776 7258 0 1453411810
16776 10217 0 1454206815
16776 19140 1 1454206865
457 15 0 1454479925
311 559 1 1442610216
4091 4015 1 1443813891
15861 110 1 1453748055
15861 492 1 1455765454
15861 2793 1 1459270130
3954 16 1 1455478050
3954 1302 1 1455468568
16594 3410 1 1440694081
2083 1047 1 1451577635
2083 6194 1 1448680165
12124 273 1 1451583268
323 1300 1 1444412836
11303 2252 1 1454794262
19049 149 1 1442969146
12828 39 1 1443024224
12828 952 1 1444588188
17045 278 1 1449647269
12945 226 0 1442958488
12945 2318 1 1448004202
17066 950 1 1444885257
10076 15 1 1438714387
10076 18 0 1438798215
10076 190 1 1438715665
10076 372 1 1438715714
10076 634 1 1438714735
10076 1238 1 1438717867
10076 3182 1 1441077108
6158 7999 1 1441667489
3631 8594 1 1439396408
2984 677 1 1451249819
2984 1419 1 1451249819
2984 1879 1 1440250645
2984 1958 1 1454951936
2984 1972 1 1451249820
2984 2482 1 1454951937
2984 2484 1 1454951937
2984 2722 1 1451249832
2984 7494 1 1438870321
2984 7657 1 1454951936
2984 7658 1 1454951924
2984 7659 1 1445040146
3159 12 0 1441323936
13436 1769 1 1443915067
7118 451 0 1448744996
7118 8758 1 1448745018
3220 32 0 1445468292
3220 178 0 1445468248
5663 12 1 1459235298
7762 95 1 1454992141
16667 85 0 1439541107
16667 103 1 1450456721
16667 1092 1 1439394657
16667 2605 1 1439355513
15114 4052 1 1449028677
15114 5288 0 1450037245
4785 465 1 1447638805
15174 1130 0 1439058123
15174 1158 1 1439058177
5628 10898 1 1440010037
11998 6973 1 1444536737
11998 16427 1 1454896712
6835 21 1 1455727305
6835 12396 1 1441922248
6835 12397 1 1441921332
9676 6893 1 1451824717
18180 15 1 1453736934
18180 342 1 1452720088
18180 343 1 1451514834
18180 411 1 1454196850
18180 621 1 1454196847
18180 1272 0 1452720066
18180 1965 1 1454196858
18180 2102 1 1454196855
18180 2372 1 1452720077
18180 2861 1 1452636755
18180 2870 1 1454196870
18180 4673 1 1454196863
18180 9536 0 1453736803
19748 4109 0 1441386197
1244 1533 1 1437579200
1244 2456 0 1437577130
1244 4441 0 1437958128
12440 2799 1 1458365338
2453 386 0 1446044075
2453 2056 1 1445578528
2453 6906 1 1443889744
2453 6907 1 1443811127
2453 6908 1 1441997516
15798 343 1 1452994878
15798 2229 0 1450295323
15798 2252 1 1452994897
1722 822 1 1437104790
8147 45 1 1455638499
948 75 1 1449214453
948 105 1 1457064140
948 453 1 1453428959
948 493 1 1457064091
948 542 0 1453428706
948 1003 0 1449214449
948 1364 0 1453428610
948 2204 1 1457064097
948 2722 1 1453573056
948 3442 0 1457064094
19705 759 1 1450325552
19705 918 0 1436931335
19705 2365 0 1447629055
19705 5936 1 1447629006
19705 6194 1 1453695990
19705 15475 1 1438228041
19705 19769 1 1446241561
2259 481 1 1456455106
2259 649 1 1457151879
2259 841 1 1458592056
2259 851 0 1456454320
2259 852 0 1456454314
2259 1082 0 1456454353
2259 4158 1 1456690327
2259 4434 0 1456454541
2259 5326 1 1456454332
2259 6525 1 1458592844
2259 6526 1 1458592822
2259 6527 0 1458592817
2259 6528 1 1458592789
2259 6529 1 1458592328
2259 6530 1 1458592240
2259 6531 0 1458592235
2259 6532 1 1458592202
2259 6533 1 1458592152
2259 6534 0 1457582165
2259 6535 1 1456690399
2259 6536 1 1456690346
2259 6537 1 1456455121
2259 6538 1 1456454615
2259 6539 0 1456454550
2259 6540 1 1456454462
2259 6541 1 1456454456
2259 6542 1 1456454326
13112 544 1 1449478158
13112 4995 0 1438799183
13112 5508 1 1451588370
13112 5518 1 1438793352
6435 12 1 1445477301
6435 822 0 1445477599
8278 129 1 1438622567
15625 4 1 1455599468
2320 591 1 1450225276
2320 6627 1 1456356610
6728 218 1 1448768393
6728 274 1 1455592579
6728 4168 1 1448768391
6728 4623 1 1453573164
6728 7717 1 1441982467
10269 15 1 1451632128
10269 368 1 1443072570
10269 2548 1 1456122026
10508 2145 1 1456111272
12708 5035 1 1444668959
6959 9381 1 1455326926
9666 6573 1 1450862778
9666 14691 1 1445521858
4172 1460 1 1443285529
4172 9231 1 1445234058
10872 9240 1 1443694138
14731 13489 1 1455915370
7206 478 1 1449662454
14526 268 0 1456400528
3932 13 0 1458458036
3932 38 1 1458605758
3932 145 1 1458605725
3932 164 1 1458605740
3932 591 1 1458605771
3932 4766 0 1458457478
6641 148 1 1446671853
6641 2779 1 1442995061
8680 13958 1 1458961028
10490 343 1 1450139315
10490 491 1 1453272496
10490 1186 0 1452147655
10490 3909 0 1453272477
10490 4154 1 1452661394
10490 8066 1 1452393496
17988 1272 1 1451623433
19382 6126 1 1441307292
1045 3098 1 1457114605
11731 326 1 1451789637
11731 5309 1 1451786836
11731 16292 1 1455137408
4866 87 0 1450176768
8333 13653 1 1443413890
13853 474 1 1451378734
14973 785 1 1456100615
14973 826 1 1441914460
16368 6 1 1455836823
16368 87 1 1451254904
16368 342 1 1451254882
16368 472 1 1451254862
16368 474 1 1452722206
16368 621 1 1451255344
16368 1272 1 1451255356
16368 2269 1 1451254910
16368 2326 1 1451254888
16368 3748 1 1451930120
16368 3879 0 1451254932
16368 5278 1 1451254846
16368 7735 1 1451254914
6958 285 1 1452665961
6958 1879 1 1447143828
6958 2187 1 1451735686
6958 4956 1 1452666408
7827 175 1 1449463455
7827 2832 1 1451684836
7827 7390 1 1457588865
1730 75 1 1454037529
8452 1174 1 1456307388
8452 9363 1 1456737263
12950 4459 0 1436993231
19858 20758 1 1445011499
19259 871 0 1440519382
1516 95 1 1457028181
19917 2507 1 1439543412
19917 3038 1 1441435530
17541 9 1 1454009084
17541 12 1 1453858309
17541 15 1 1455820746
17541 28 0 1453858535
17541 38 0 1453859039
7901 12868 0 1442346869
6160 5283 0 1448730699
6160 6644 1 1447971358
6160 6705 0 1453040830
11717 16277 0 1451593828
20432 47 1 1443117484
16564 12 1 1442692770
16564 38 0 1442692797
16564 2005 1 1446254222
16564 2006 0 1446254279
16564 5286 1 1450551739
16564 8243 1 1446254233
16564 15255 1 1446254166
17384 76 1 1450111590
17384 1634 1 1450111614
17384 2182 0 1448800949
17384 2488 1 1452896060
17384 5472 1 1452896116
17384 8950 1 1446986648
17384 10629 1 1446216256
20002 3 1 1451811747
20002 76 1 1449889567
20002 3272 0 1446091847
3536 1460 1 1448035831
3536 2102 0 1448476276
3536 2322 1 1442170505
3536 2999 1 1445109807
3536 3830 0 1443661955
3536 6700 1 1445109829
3536 6706 1 1439566848
3536 8462 0 1456000259
3536 8463 1 1453234627
3536 8464 1 1453121191
3536 8465 1 1452283448
3536 8466 1 1450276014
3536 8467 1 1437249250
8592 2422 1 1448776144
8592 13912 0 1457910557
8592 13913 0 1457472285
8592 13914 1 1456005313
8592 13915 1 1454261339
6819 5983 1 1438056296
6819 12377 1 1447611784
13968 20 1 1448715405
13968 145 1 1448715412
13968 14160 0 1451479160
10048 3774 1 1452216560
10048 4005 1 1453552799
10048 4416 1 1451481111
10048 14977 1 1458936962
10048 14978 0 1458135138
2272 822 1 1437164285
8534 2041 0 1447614438
8534 2043 1 1447614194
8534 2787 1 1447614280
8534 3912 1 1447614433
8534 8439 1 1447614267
8534 9028 1 1447614475
8534 13763 1 1447614481
7160 20 1 1441818848
7160 33 1 1447105220
7160 475 1 1447105223
7160 1823 1 1447105224
7472 1866 1 1454943757
8856 3 1 1449298283
8856 10 1 1449298431
8856 20 1 1449301132
8856 58 1 1449300013
8856 75 1 1449302113
8856 542 0 1453624244
8856 816 1 1449302777
8856 1003 1 1449302683
8625 474 1 1451113058
14746 8775 1 1444922488
14746 9561 1 1443364072
2096 2545 1 1458918723
2096 6219 1 1452421431
13286 545 0 1449253133
15770 21 0 1438022750
15770 1067 1 1443531914
8335 3880 1 1449780193
18179 6217 1 1455826763
17766 12 0 1448080201
17766 51 1 1454195457
17766 368 1 1454907803
17766 1101 1 1454907855
17766 1371 0 1454907880
5510 10734 0 1458858519
5510 10735 0 1458780864
5510 10736 1 1443990339
18369 308 1 1455214616
18369 481 1 1455226983
18369 835 1 1450502928
18369 851 1 1455209146
18369 2757 1 1450510508
638 746 0 1453278570
638 2366 1 1439758097
16935 5430 0 1449694391
16935 17354 1 1440323951
16935 19317 1 1454491371
11756 3534 1 1444878225
19635 5842 0 1438804398
77 290 1 1452611899
77 291 1 1451766469
77 292 1 1451631975
77 293 1 1451588411
77 294 1 1446053927
14409 16170 1 1455930256
1772 106 0 1445552252
1772 133 1 1445553112
1772 359 1 1445553520
1772 509 1 1445553901
1772 717 1 1445553610
1772 1021 0 1445553129
1772 1246 0 1445553284
1772 1311 1 1445551981
1772 1805 0 1445553081
1772 2044 1 1445553328
1772 2169 1 1445552929
1772 2386 1 1445552927
1772 3024 1 1445553147
1772 3032 0 1445551953
1772 3811 1 1445553267
1772 5131 1 1445553195
1772 5667 1 1445553311
1772 5668 1 1445552810
1772 5669 1 1445551847
3392 343 1 1450322948
3392 542 1 1448339984
3392 8327 1 1452832251
20318 5706 1 1441904297
